-0.4975E+01 0.3475E+01 0.3567E+01 0.3645E+01 0.3719E+01 0.3786E+01 0.3817E+01 0.3860E+01 0.3891E+01 0.3925E+01 0.3951E+01 0.3976E+01
-0.4925E+01 0.3419E+01 0.3517E+01 0.3601E+01 0.3683E+01 0.3726E+01 0.3761E+01 0.3811E+01 0.3841E+01 0.3874E+01 0.3905E+01 0.3938E+01
-0.4875E+01 0.3390E+01 0.3478E+01 0.3561E+01 0.3638E+01 0.3686E+01 0.3723E+01 0.3762E+01 0.3793E+01 0.3833E+01 0.3857E+01 0.3879E+01
-0.4825E+01 0.3348E+01 0.3446E+01 0.3517E+01 0.3583E+01 0.3631E+01 0.3683E+01 0.3711E+01 0.3746E+01 0.3781E+01 0.3807E+01 0.3839E+01
-0.4775E+01 0.3303E+01 0.3397E+01 0.3468E+01 0.3540E+01 0.3587E+01 0.3629E+01 0.3666E+01 0.3698E+01 0.3732E+01 0.3759E+01 0.3788E+01
-0.4725E+01 0.3257E+01 0.3344E+01 0.3430E+01 0.3499E+01 0.3545E+01 0.3584E+01 0.3625E+01 0.3654E+01 0.3687E+01 0.3719E+01 0.3739E+01
-0.4675E+01 0.3213E+01 0.3316E+01 0.3388E+01 0.3456E+01 0.3502E+01 0.3534E+01 0.3572E+01 0.3602E+01 0.3641E+01 0.3663E+01 0.3688E+01
-0.4625E+01 0.3174E+01 0.3268E+01 0.3341E+01 0.3405E+01 0.3452E+01 0.3496E+01 0.3525E+01 0.3560E+01 0.3591E+01 0.3618E+01 0.3646E+01
-0.4575E+01 0.3131E+01 0.3219E+01 0.3299E+01 0.3359E+01 0.3407E+01 0.3453E+01 0.3474E+01 0.3518E+01 0.3546E+01 0.3574E+01 0.3604E+01
-0.4525E+01 0.3091E+01 0.3172E+01 0.3248E+01 0.3308E+01 0.3362E+01 0.3397E+01 0.3440E+01 0.3462E+01 0.3492E+01 0.3522E+01 0.3549E+01
-0.4475E+01 0.3047E+01 0.3141E+01 0.3212E+01 0.3274E+01 0.3314E+01 0.3344E+01 0.3376E+01 0.3408E+01 0.3443E+01 0.3476E+01 0.3495E+01
-0.4425E+01 0.3008E+01 0.3099E+01 0.3168E+01 0.3225E+01 0.3271E+01 0.3300E+01 0.3342E+01 0.3376E+01 0.3399E+01 0.3429E+01 0.3456E+01
-0.4375E+01 0.2980E+01 0.3056E+01 0.3117E+01 0.3182E+01 0.3215E+01 0.3248E+01 0.3284E+01 0.3318E+01 0.3347E+01 0.3380E+01 0.3404E+01
-0.4325E+01 0.2915E+01 0.3000E+01 0.3072E+01 0.3125E+01 0.3181E+01 0.3220E+01 0.3242E+01 0.3271E+01 0.3309E+01 0.3331E+01 0.3353E+01
-0.4275E+01 0.2885E+01 0.2964E+01 0.3036E+01 0.3086E+01 0.3121E+01 0.3166E+01 0.3209E+01 0.3232E+01 0.3257E+01 0.3285E+01 0.3309E+01
-0.4225E+01 0.2831E+01 0.2924E+01 0.2993E+01 0.3045E+01 0.3078E+01 0.3115E+01 0.3142E+01 0.3172E+01 0.3202E+01 0.3232E+01 0.3259E+01
-0.4175E+01 0.2794E+01 0.2872E+01 0.2940E+01 0.2984E+01 0.3025E+01 0.3058E+01 0.3095E+01 0.3136E+01 0.3165E+01 0.3190E+01 0.3205E+01
-0.4125E+01 0.2757E+01 0.2831E+01 0.2903E+01 0.2948E+01 0.2981E+01 0.3023E+01 0.3059E+01 0.3093E+01 0.3108E+01 0.3137E+01 0.3166E+01
-0.4075E+01 0.2702E+01 0.2790E+01 0.2853E+01 0.2897E+01 0.2937E+01 0.2978E+01 0.3008E+01 0.3032E+01 0.3074E+01 0.3089E+01 0.3121E+01
-0.4025E+01 0.2663E+01 0.2741E+01 0.2799E+01 0.2853E+01 0.2888E+01 0.2923E+01 0.2959E+01 0.2992E+01 0.3019E+01 0.3037E+01 0.3072E+01
-0.3975E+01 0.2616E+01 0.2689E+01 0.2760E+01 0.2804E+01 0.2841E+01 0.2873E+01 0.2912E+01 0.2938E+01 0.2970E+01 0.2998E+01 0.3022E+01
-0.3925E+01 0.2578E+01 0.2659E+01 0.2711E+01 0.2755E+01 0.2794E+01 0.2833E+01 0.2866E+01 0.2891E+01 0.2922E+01 0.2948E+01 0.2970E+01
-0.3875E+01 0.2523E+01 0.2609E+01 0.2664E+01 0.2701E+01 0.2755E+01 0.2787E+01 0.2818E+01 0.2850E+01 0.2870E+01 0.2899E+01 0.2931E+01
-0.3825E+01 0.2486E+01 0.2563E+01 0.2622E+01 0.2668E+01 0.2695E+01 0.2728E+01 0.2765E+01 0.2798E+01 0.2819E+01 0.2852E+01 0.2872E+01
-0.3775E+01 0.2447E+01 0.2517E+01 0.2582E+01 0.2615E+01 0.2648E+01 0.2687E+01 0.2729E+01 0.2748E+01 0.2779E+01 0.2804E+01 0.2826E+01
-0.3725E+01 0.2399E+01 0.2465E+01 0.2531E+01 0.2570E+01 0.2611E+01 0.2649E+01 0.2677E+01 0.2698E+01 0.2726E+01 0.2750E+01 0.2778E+01
-0.3675E+01 0.2350E+01 0.2433E+01 0.2471E+01 0.2523E+01 0.2551E+01 0.2591E+01 0.2627E+01 0.2656E+01 0.2683E+01 0.2703E+01 0.2732E+01
-0.3625E+01 0.2298E+01 0.2385E+01 0.2437E+01 0.2472E+01 0.2506E+01 0.2554E+01 0.2568E+01 0.2607E+01 0.2634E+01 0.2659E+01 0.2688E+01
-0.3575E+01 0.2270E+01 0.2339E+01 0.2380E+01 0.2423E+01 0.2460E+01 0.2490E+01 0.2529E+01 0.2554E+01 0.2587E+01 0.2614E+01 0.2633E+01
-0.3525E+01 0.2223E+01 0.2294E+01 0.2353E+01 0.2376E+01 0.2419E+01 0.2449E+01 0.2484E+01 0.2509E+01 0.2539E+01 0.2557E+01 0.2581E+01
-0.3475E+01 0.2188E+01 0.2250E+01 0.2293E+01 0.2326E+01 0.2369E+01 0.2398E+01 0.2432E+01 0.2461E+01 0.2482E+01 0.2515E+01 0.2541E+01
-0.3425E+01 0.2129E+01 0.2205E+01 0.2233E+01 0.2281E+01 0.2316E+01 0.2354E+01 0.2380E+01 0.2416E+01 0.2446E+01 0.2462E+01 0.2485E+01
-0.3375E+01 0.2089E+01 0.2150E+01 0.2188E+01 0.2236E+01 0.2269E+01 0.2302E+01 0.2334E+01 0.2368E+01 0.2395E+01 0.2420E+01 0.2448E+01
-0.3325E+01 0.2043E+01 0.2097E+01 0.2137E+01 0.2183E+01 0.2220E+01 0.2259E+01 0.2283E+01 0.2321E+01 0.2341E+01 0.2366E+01 0.2396E+01
-0.3275E+01 0.2000E+01 0.2057E+01 0.2103E+01 0.2140E+01 0.2178E+01 0.2195E+01 0.2240E+01 0.2266E+01 0.2293E+01 0.2314E+01 0.2333E+01
-0.3225E+01 0.1947E+01 0.2013E+01 0.2058E+01 0.2096E+01 0.2126E+01 0.2151E+01 0.2186E+01 0.2218E+01 0.2248E+01 0.2268E+01 0.2295E+01
-0.3175E+01 0.1905E+01 0.1961E+01 0.2010E+01 0.2033E+01 0.2076E+01 0.2109E+01 0.2140E+01 0.2171E+01 0.2196E+01 0.2221E+01 0.2245E+01
-0.3125E+01 0.1864E+01 0.1911E+01 0.1951E+01 0.1989E+01 0.2030E+01 0.2053E+01 0.2097E+01 0.2116E+01 0.2152E+01 0.2174E+01 0.2192E+01
-0.3075E+01 0.1801E+01 0.1857E+01 0.1904E+01 0.1953E+01 0.1977E+01 0.2015E+01 0.2048E+01 0.2073E+01 0.2092E+01 0.2123E+01 0.2142E+01
-0.3025E+01 0.1766E+01 0.1818E+01 0.1845E+01 0.1897E+01 0.1935E+01 0.1958E+01 0.1994E+01 0.2018E+01 0.2048E+01 0.2078E+01 0.2091E+01
-0.2975E+01 0.1704E+01 0.1768E+01 0.1811E+01 0.1844E+01 0.1883E+01 0.1911E+01 0.1943E+01 0.1959E+01 0.2001E+01 0.2021E+01 0.2049E+01
-0.2925E+01 0.1669E+01 0.1722E+01 0.1755E+01 0.1789E+01 0.1831E+01 0.1859E+01 0.1895E+01 0.1922E+01 0.1943E+01 0.1971E+01 0.1998E+01
-0.2875E+01 0.1623E+01 0.1654E+01 0.1702E+01 0.1745E+01 0.1772E+01 0.1816E+01 0.1834E+01 0.1871E+01 0.1896E+01 0.1922E+01 0.1943E+01
-0.2825E+01 0.1567E+01 0.1614E+01 0.1655E+01 0.1698E+01 0.1735E+01 0.1758E+01 0.1793E+01 0.1820E+01 0.1848E+01 0.1864E+01 0.1896E+01
-0.2775E+01 0.1505E+01 0.1555E+01 0.1602E+01 0.1646E+01 0.1683E+01 0.1716E+01 0.1740E+01 0.1771E+01 0.1789E+01 0.1823E+01 0.1840E+01
-0.2725E+01 0.1468E+01 0.1513E+01 0.1555E+01 0.1594E+01 0.1631E+01 0.1664E+01 0.1685E+01 0.1709E+01 0.1750E+01 0.1761E+01 0.1797E+01
-0.2675E+01 0.1421E+01 0.1454E+01 0.1503E+01 0.1535E+01 0.1581E+01 0.1608E+01 0.1637E+01 0.1666E+01 0.1699E+01 0.1717E+01 0.1740E+01
-0.2625E+01 0.1355E+01 0.1400E+01 0.1452E+01 0.1496E+01 0.1526E+01 0.1563E+01 0.1592E+01 0.1619E+01 0.1637E+01 0.1669E+01 0.1697E+01
-0.2575E+01 0.1319E+01 0.1359E+01 0.1394E+01 0.1440E+01 0.1476E+01 0.1516E+01 0.1541E+01 0.1569E+01 0.1595E+01 0.1625E+01 0.1639E+01
-0.2525E+01 0.1254E+01 0.1311E+01 0.1348E+01 0.1382E+01 0.1424E+01 0.1462E+01 0.1484E+01 0.1510E+01 0.1544E+01 0.1575E+01 0.1587E+01
-0.2475E+01 0.1216E+01 0.1262E+01 0.1293E+01 0.1342E+01 0.1372E+01 0.1405E+01 0.1436E+01 0.1458E+01 0.1489E+01 0.1525E+01 0.1544E+01
-0.2425E+01 0.1171E+01 0.1210E+01 0.1259E+01 0.1284E+01 0.1330E+01 0.1366E+01 0.1389E+01 0.1422E+01 0.1451E+01 0.1465E+01 0.1493E+01
-0.2375E+01 0.1106E+01 0.1169E+01 0.1206E+01 0.1241E+01 0.1284E+01 0.1301E+01 0.1333E+01 0.1359E+01 0.1396E+01 0.1422E+01 0.1444E+01
-0.2325E+01 0.1053E+01 0.1105E+01 0.1150E+01 0.1195E+01 0.1227E+01 0.1255E+01 0.1294E+01 0.1318E+01 0.1345E+01 0.1364E+01 0.1398E+01
-0.2275E+01 0.1015E+01 0.1064E+01 0.1111E+01 0.1139E+01 0.1181E+01 0.1216E+01 0.1235E+01 0.1262E+01 0.1298E+01 0.1322E+01 0.1341E+01
-0.2225E+01 0.9586E+00 0.1012E+01 0.1046E+01 0.1091E+01 0.1119E+01 0.1164E+01 0.1179E+01 0.1213E+01 0.1245E+01 0.1260E+01 0.1296E+01
-0.2175E+01 0.9099E+00 0.9619E+00 0.9936E+00 0.1038E+01 0.1072E+01 0.1109E+01 0.1136E+01 0.1173E+01 0.1192E+01 0.1217E+01 0.1239E+01
-0.2125E+01 0.8644E+00 0.9037E+00 0.9494E+00 0.9932E+00 0.1021E+01 0.1053E+01 0.1081E+01 0.1111E+01 0.1147E+01 0.1165E+01 0.1186E+01
-0.2075E+01 0.8060E+00 0.8596E+00 0.8905E+00 0.9330E+00 0.9723E+00 0.1001E+01 0.1032E+01 0.1060E+01 0.1086E+01 0.1116E+01 0.1140E+01
-0.2025E+01 0.7523E+00 0.8016E+00 0.8590E+00 0.8922E+00 0.9222E+00 0.9563E+00 0.9750E+00 0.1014E+01 0.1043E+01 0.1060E+01 0.1091E+01
-0.1975E+01 0.6998E+00 0.7542E+00 0.8003E+00 0.8257E+00 0.8638E+00 0.9062E+00 0.9429E+00 0.9704E+00 0.9862E+00 0.1012E+01 0.1035E+01
-0.1925E+01 0.6624E+00 0.6958E+00 0.7470E+00 0.7838E+00 0.8173E+00 0.8428E+00 0.8825E+00 0.9082E+00 0.9396E+00 0.9647E+00 0.9891E+00
-0.1875E+01 0.6013E+00 0.6507E+00 0.6818E+00 0.7304E+00 0.7731E+00 0.7969E+00 0.8269E+00 0.8537E+00 0.8855E+00 0.9053E+00 0.9358E+00
-0.1825E+01 0.5500E+00 0.6036E+00 0.6385E+00 0.6789E+00 0.7203E+00 0.7431E+00 0.7858E+00 0.8085E+00 0.8335E+00 0.8600E+00 0.8857E+00
-0.1775E+01 0.5003E+00 0.5481E+00 0.5963E+00 0.6193E+00 0.6637E+00 0.7030E+00 0.7290E+00 0.7594E+00 0.7820E+00 0.8106E+00 0.8358E+00
-0.1725E+01 0.4421E+00 0.5073E+00 0.5390E+00 0.5844E+00 0.6090E+00 0.6353E+00 0.6758E+00 0.7012E+00 0.7303E+00 0.7539E+00 0.7834E+00
-0.1675E+01 0.4143E+00 0.4482E+00 0.4856E+00 0.5304E+00 0.5634E+00 0.5886E+00 0.6327E+00 0.6593E+00 0.6726E+00 0.7095E+00 0.7316E+00
-0.1625E+01 0.3413E+00 0.3803E+00 0.4287E+00 0.4650E+00 0.5155E+00 0.5530E+00 0.5698E+00 0.6054E+00 0.6211E+00 0.6627E+00 0.6824E+00
-0.1575E+01 0.2980E+00 0.3371E+00 0.3820E+00 0.4188E+00 0.4496E+00 0.5012E+00 0.5206E+00 0.5456E+00 0.5784E+00 0.6062E+00 0.6196E+00
-0.1525E+01 0.2388E+00 0.2911E+00 0.3313E+00 0.3790E+00 0.4073E+00 0.4384E+00 0.4743E+00 0.4935E+00 0.5277E+00 0.5537E+00 0.5696E+00
-0.1475E+01 0.1807E+00 0.2264E+00 0.2812E+00 0.3158E+00 0.3550E+00 0.3852E+00 0.4136E+00 0.4493E+00 0.4715E+00 0.4973E+00 0.5210E+00
-0.1425E+01 0.1409E+00 0.1848E+00 0.2202E+00 0.2700E+00 0.2980E+00 0.3388E+00 0.3638E+00 0.3910E+00 0.4210E+00 0.4462E+00 0.4750E+00
-0.1375E+01 0.9317E-01 0.1277E+00 0.1767E+00 0.2093E+00 0.2499E+00 0.2729E+00 0.3124E+00 0.3406E+00 0.3676E+00 0.3959E+00 0.4146E+00
-0.1325E+01 0.4202E-01 0.7050E-01 0.1193E+00 0.1633E+00 0.2013E+00 0.2219E+00 0.2644E+00 0.2882E+00 0.3188E+00 0.3371E+00 0.3686E+00
-0.1275E+01 -0.2487E-01 0.2522E-01 0.6152E-01 0.1032E+00 0.1396E+00 0.1771E+00 0.2113E+00 0.2359E+00 0.2588E+00 0.2905E+00 0.3099E+00
-0.1225E+01 -0.8116E-01 -0.2485E-01 0.1379E-01 0.5097E-01 0.9192E-01 0.1304E+00 0.1510E+00 0.1817E+00 0.2029E+00 0.2388E+00 0.2535E+00
-0.1175E+01 -0.1334E+00 -0.8399E-01 -0.3639E-01 0.4554E-02 0.3728E-01 0.7433E-01 0.1015E+00 0.1296E+00 0.1496E+00 0.1832E+00 0.2052E+00
-0.1125E+01 -0.1785E+00 -0.1345E+00 -0.1032E+00 -0.6021E-01 -0.2282E-01 0.1481E-01 0.4321E-01 0.7523E-01 0.9555E-01 0.1254E+00 0.1525E+00
-0.1075E+01 -0.2403E+00 -0.1845E+00 -0.1551E+00 -0.1101E+00 -0.7955E-01 -0.4626E-01 -0.1090E-01 0.1591E-01 0.3843E-01 0.7435E-01 0.1051E+00
-0.1025E+01 -0.2981E+00 -0.2478E+00 -0.1999E+00 -0.1658E+00 -0.1372E+00 -0.9786E-01 -0.6196E-01 -0.3241E-01 -0.1301E-01 0.1895E-01 0.4021E-01
-0.9750E+00 -0.3545E+00 -0.2984E+00 -0.2624E+00 -0.2199E+00 -0.1892E+00 -0.1549E+00 -0.1207E+00 -0.9471E-01 -0.6235E-01 -0.4377E-01 -0.1694E-01
-0.9250E+00 -0.4183E+00 -0.3662E+00 -0.3201E+00 -0.2843E+00 -0.2394E+00 -0.2121E+00 -0.1812E+00 -0.1545E+00 -0.1231E+00 -0.9984E-01 -0.7903E-01
-0.8750E+00 -0.4654E+00 -0.4230E+00 -0.3701E+00 -0.3445E+00 -0.2968E+00 -0.2656E+00 -0.2317E+00 -0.2132E+00 -0.1700E+00 -0.1510E+00 -0.1279E+00
-0.8250E+00 -0.5242E+00 -0.4743E+00 -0.4251E+00 -0.3947E+00 -0.3509E+00 -0.3223E+00 -0.2933E+00 -0.2644E+00 -0.2410E+00 -0.2104E+00 -0.1879E+00
-0.7750E+00 -0.5903E+00 -0.5267E+00 -0.4920E+00 -0.4561E+00 -0.4129E+00 -0.3868E+00 -0.3572E+00 -0.3290E+00 -0.3021E+00 -0.2627E+00 -0.2417E+00
-0.7250E+00 -0.6401E+00 -0.6035E+00 -0.5543E+00 -0.5084E+00 -0.4681E+00 -0.4523E+00 -0.4014E+00 -0.3870E+00 -0.3621E+00 -0.3310E+00 -0.3041E+00
-0.6750E+00 -0.7117E+00 -0.6690E+00 -0.6132E+00 -0.5677E+00 -0.5437E+00 -0.5014E+00 -0.4831E+00 -0.4447E+00 -0.4180E+00 -0.3948E+00 -0.3671E+00
-0.6250E+00 -0.7727E+00 -0.7243E+00 -0.6776E+00 -0.6412E+00 -0.5988E+00 -0.5678E+00 -0.5356E+00 -0.5115E+00 -0.4744E+00 -0.4535E+00 -0.4273E+00
-0.5750E+00 -0.8295E+00 -0.7855E+00 -0.7441E+00 -0.6917E+00 -0.6533E+00 -0.6346E+00 -0.6032E+00 -0.5696E+00 -0.5494E+00 -0.5157E+00 -0.4998E+00
-0.5250E+00 -0.8971E+00 -0.8565E+00 -0.8073E+00 -0.7583E+00 -0.7350E+00 -0.7018E+00 -0.6695E+00 -0.6335E+00 -0.6061E+00 -0.5731E+00 -0.5599E+00
-0.4750E+00 -0.9636E+00 -0.9228E+00 -0.8737E+00 -0.8346E+00 -0.8000E+00 -0.7560E+00 -0.7260E+00 -0.7171E+00 -0.6685E+00 -0.6468E+00 -0.6225E+00
-0.4250E+00 -0.1045E+01 -0.9953E+00 -0.9479E+00 -0.9019E+00 -0.8653E+00 -0.8279E+00 -0.8000E+00 -0.7748E+00 -0.7409E+00 -0.7198E+00 -0.6988E+00
-0.3750E+00 -0.1107E+01 -0.1053E+01 -0.1016E+01 -0.9783E+00 -0.9389E+00 -0.9103E+00 -0.8706E+00 -0.8458E+00 -0.8169E+00 -0.7859E+00 -0.7685E+00
-0.3250E+00 -0.1182E+01 -0.1124E+01 -0.1090E+01 -0.1054E+01 -0.1012E+01 -0.9756E+00 -0.9382E+00 -0.9079E+00 -0.8886E+00 -0.8633E+00 -0.8395E+00
-0.2750E+00 -0.1269E+01 -0.1202E+01 -0.1154E+01 -0.1130E+01 -0.1087E+01 -0.1046E+01 -0.1025E+01 -0.9845E+00 -0.9663E+00 -0.9438E+00 -0.9128E+00
-0.2250E+00 -0.1336E+01 -0.1291E+01 -0.1248E+01 -0.1212E+01 -0.1159E+01 -0.1117E+01 -0.1094E+01 -0.1053E+01 -0.1035E+01 -0.1010E+01 -0.9909E+00
-0.1750E+00 -0.1413E+01 -0.1384E+01 -0.1321E+01 -0.1284E+01 -0.1234E+01 -0.1206E+01 -0.1180E+01 -0.1140E+01 -0.1112E+01 -0.1097E+01 -0.1069E+01
-0.1250E+00 -0.1523E+01 -0.1470E+01 -0.1406E+01 -0.1373E+01 -0.1329E+01 -0.1313E+01 -0.1255E+01 -0.1217E+01 -0.1204E+01 -0.1179E+01 -0.1141E+01
-0.7500E-01 -0.1619E+01 -0.1555E+01 -0.1513E+01 -0.1453E+01 -0.1417E+01 -0.1394E+01 -0.1355E+01 -0.1317E+01 -0.1286E+01 -0.1257E+01 -0.1237E+01
-0.2500E-01 -0.1786E+01 -0.1711E+01 -0.1640E+01 -0.1595E+01 -0.1541E+01 -0.1509E+01 -0.1455E+01 -0.1435E+01 -0.1396E+01 -0.1357E+01 -0.1346E+01
