-0.4975E+01 -0.9979E+02 -0.9979E+02 -0.9979E+02 0.2723E+01 0.3389E+01 0.3831E+01 0.4053E+01 0.4119E+01 0.4134E+01 0.4128E+01 0.4124E+01
-0.4925E+01 -0.9984E+02 -0.9984E+02 -0.9984E+02 0.2790E+01 0.3443E+01 0.3858E+01 0.4064E+01 0.4115E+01 0.4129E+01 0.4132E+01 0.4127E+01
-0.4875E+01 -0.9989E+02 -0.9989E+02 -0.9989E+02 0.2853E+01 0.3482E+01 0.3885E+01 0.4067E+01 0.4117E+01 0.4132E+01 0.4133E+01 0.4128E+01
-0.4825E+01 -0.9994E+02 -0.9994E+02 -0.9994E+02 0.2928E+01 0.3529E+01 0.3902E+01 0.4077E+01 0.4125E+01 0.4126E+01 0.4128E+01 0.4128E+01
-0.4775E+01 -0.9999E+02 -0.9999E+02 -0.9999E+02 0.2990E+01 0.3572E+01 0.3929E+01 0.4079E+01 0.4126E+01 0.4130E+01 0.4129E+01 0.4129E+01
-0.4725E+01 -0.1000E+03 -0.1000E+03 -0.1000E+03 0.3043E+01 0.3619E+01 0.3952E+01 0.4087E+01 0.4125E+01 0.4126E+01 0.4126E+01 0.4128E+01
-0.4675E+01 -0.1001E+03 -0.1001E+03 -0.1001E+03 0.3112E+01 0.3656E+01 0.3963E+01 0.4096E+01 0.4123E+01 0.4127E+01 0.4126E+01 0.4128E+01
-0.4625E+01 -0.1001E+03 -0.1001E+03 -0.1001E+03 0.3163E+01 0.3685E+01 0.3979E+01 0.4098E+01 0.4121E+01 0.4126E+01 0.4123E+01 0.4122E+01
-0.4575E+01 -0.1002E+03 -0.1002E+03 -0.1002E+03 0.3219E+01 0.3720E+01 0.3997E+01 0.4102E+01 0.4125E+01 0.4124E+01 0.4126E+01 0.4125E+01
-0.4525E+01 -0.1002E+03 -0.1002E+03 -0.1002E+03 0.3280E+01 0.3750E+01 0.4007E+01 0.4104E+01 0.4122E+01 0.4123E+01 0.4125E+01 0.4123E+01
-0.4475E+01 -0.1003E+03 -0.1003E+03 -0.1003E+03 0.3337E+01 0.3782E+01 0.4023E+01 0.4105E+01 0.4120E+01 0.4124E+01 0.4123E+01 0.4122E+01
-0.4425E+01 -0.1003E+03 -0.1003E+03 -0.1003E+03 0.3379E+01 0.3813E+01 0.4033E+01 0.4106E+01 0.4115E+01 0.4118E+01 0.4121E+01 0.4119E+01
-0.4375E+01 -0.1004E+03 -0.1004E+03 -0.1004E+03 0.3421E+01 0.3841E+01 0.4042E+01 0.4105E+01 0.4118E+01 0.4117E+01 0.4117E+01 0.4117E+01
-0.4325E+01 -0.1004E+03 -0.1004E+03 -0.1004E+03 0.3470E+01 0.3863E+01 0.4050E+01 0.4106E+01 0.4114E+01 0.4115E+01 0.4113E+01 0.4113E+01
-0.4275E+01 -0.1005E+03 -0.1005E+03 -0.1005E+03 0.3508E+01 0.3884E+01 0.4056E+01 0.4103E+01 0.4111E+01 0.4110E+01 0.4112E+01 0.4111E+01
-0.4225E+01 -0.1005E+03 -0.1005E+03 -0.1005E+03 0.3553E+01 0.3904E+01 0.4060E+01 0.4102E+01 0.4110E+01 0.4109E+01 0.4110E+01 0.4107E+01
-0.4175E+01 -0.1006E+03 -0.1006E+03 -0.1006E+03 0.3590E+01 0.3925E+01 0.4066E+01 0.4101E+01 0.4105E+01 0.4103E+01 0.4102E+01 0.4106E+01
-0.4125E+01 -0.1006E+03 -0.1006E+03 -0.1006E+03 0.3630E+01 0.3936E+01 0.4068E+01 0.4098E+01 0.4100E+01 0.4101E+01 0.4099E+01 0.4100E+01
-0.4075E+01 -0.1007E+03 -0.1007E+03 -0.1007E+03 0.3662E+01 0.3952E+01 0.4068E+01 0.4091E+01 0.4095E+01 0.4095E+01 0.4095E+01 0.4094E+01
-0.4025E+01 -0.1007E+03 -0.1007E+03 -0.1007E+03 0.3695E+01 0.3964E+01 0.4068E+01 0.4088E+01 0.4090E+01 0.4087E+01 0.4090E+01 0.4089E+01
-0.3975E+01 -0.1008E+03 -0.1008E+03 -0.1008E+03 0.3723E+01 0.3974E+01 0.4066E+01 0.4083E+01 0.4082E+01 0.4081E+01 0.4082E+01 0.4081E+01
-0.3925E+01 -0.1008E+03 -0.1008E+03 -0.1008E+03 0.3748E+01 0.3981E+01 0.4063E+01 0.4075E+01 0.4077E+01 0.4075E+01 0.4076E+01 0.4076E+01
-0.3875E+01 -0.1009E+03 -0.1009E+03 -0.1009E+03 0.3774E+01 0.3990E+01 0.4058E+01 0.4069E+01 0.4069E+01 0.4069E+01 0.4068E+01 0.4067E+01
-0.3825E+01 -0.1009E+03 -0.1009E+03 -0.1009E+03 0.3795E+01 0.3992E+01 0.4050E+01 0.4059E+01 0.4059E+01 0.4056E+01 0.4060E+01 0.4059E+01
-0.3775E+01 -0.1010E+03 -0.1010E+03 -0.1010E+03 0.3813E+01 0.3992E+01 0.4045E+01 0.4051E+01 0.4049E+01 0.4048E+01 0.4049E+01 0.4049E+01
-0.3725E+01 -0.1010E+03 -0.1010E+03 -0.1010E+03 0.3827E+01 0.3992E+01 0.4035E+01 0.4039E+01 0.4038E+01 0.4038E+01 0.4038E+01 0.4037E+01
-0.3675E+01 -0.1011E+03 -0.1011E+03 -0.1011E+03 0.3841E+01 0.3990E+01 0.4027E+01 0.4029E+01 0.4028E+01 0.4026E+01 0.4026E+01 0.4026E+01
-0.3625E+01 -0.1011E+03 -0.1011E+03 -0.1011E+03 0.3849E+01 0.3987E+01 0.4015E+01 0.4015E+01 0.4014E+01 0.4014E+01 0.4013E+01 0.4013E+01
-0.3575E+01 -0.1012E+03 -0.1012E+03 -0.1012E+03 0.3858E+01 0.3979E+01 0.4001E+01 0.4000E+01 0.4000E+01 0.3999E+01 0.3998E+01 0.3999E+01
-0.3525E+01 -0.1012E+03 -0.1012E+03 -0.1012E+03 0.3861E+01 0.3970E+01 0.3986E+01 0.3985E+01 0.3984E+01 0.3984E+01 0.3983E+01 0.3984E+01
-0.3475E+01 -0.1013E+03 -0.1013E+03 -0.1013E+03 0.3864E+01 0.3959E+01 0.3971E+01 0.3968E+01 0.3967E+01 0.3966E+01 0.3967E+01 0.3966E+01
-0.3425E+01 -0.1013E+03 -0.1013E+03 -0.1013E+03 0.3863E+01 0.3946E+01 0.3954E+01 0.3949E+01 0.3949E+01 0.3948E+01 0.3948E+01 0.3948E+01
-0.3375E+01 -0.1014E+03 -0.1014E+03 -0.1014E+03 0.3860E+01 0.3931E+01 0.3935E+01 0.3930E+01 0.3929E+01 0.3928E+01 0.3928E+01 0.3928E+01
-0.3325E+01 -0.1014E+03 -0.1014E+03 -0.1014E+03 0.3854E+01 0.3913E+01 0.3913E+01 0.3909E+01 0.3907E+01 0.3908E+01 0.3907E+01 0.3907E+01
-0.3275E+01 -0.1015E+03 -0.1015E+03 -0.1015E+03 0.3845E+01 0.3896E+01 0.3891E+01 0.3886E+01 0.3886E+01 0.3885E+01 0.3885E+01 0.3884E+01
-0.3225E+01 -0.1015E+03 -0.1015E+03 -0.1015E+03 0.3834E+01 0.3873E+01 0.3867E+01 0.3862E+01 0.3861E+01 0.3860E+01 0.3860E+01 0.3859E+01
-0.3175E+01 -0.1016E+03 -0.1016E+03 -0.1016E+03 0.3820E+01 0.3849E+01 0.3841E+01 0.3836E+01 0.3835E+01 0.3834E+01 0.3834E+01 0.3834E+01
-0.3125E+01 -0.1016E+03 -0.1016E+03 -0.1016E+03 0.3803E+01 0.3824E+01 0.3814E+01 0.3808E+01 0.3807E+01 0.3805E+01 0.3806E+01 0.3805E+01
-0.3075E+01 -0.1017E+03 -0.1017E+03 -0.1017E+03 0.3783E+01 0.3796E+01 0.3784E+01 0.3779E+01 0.3778E+01 0.3777E+01 0.3776E+01 0.3776E+01
-0.3025E+01 -0.1017E+03 -0.1017E+03 -0.1017E+03 0.3760E+01 0.3766E+01 0.3752E+01 0.3747E+01 0.3745E+01 0.3745E+01 0.3745E+01 0.3744E+01
-0.2975E+01 -0.1018E+03 -0.1018E+03 -0.1018E+03 0.3735E+01 0.3734E+01 0.3719E+01 0.3712E+01 0.3712E+01 0.3711E+01 0.3712E+01 0.3711E+01
-0.2925E+01 -0.1018E+03 -0.1018E+03 -0.1018E+03 0.3707E+01 0.3699E+01 0.3683E+01 0.3678E+01 0.3677E+01 0.3676E+01 0.3676E+01 0.3675E+01
-0.2875E+01 -0.1019E+03 -0.1019E+03 -0.1019E+03 0.3676E+01 0.3663E+01 0.3646E+01 0.3640E+01 0.3640E+01 0.3638E+01 0.3639E+01 0.3638E+01
-0.2825E+01 -0.1019E+03 -0.1019E+03 -0.1019E+03 0.3642E+01 0.3624E+01 0.3606E+01 0.3602E+01 0.3600E+01 0.3600E+01 0.3599E+01 0.3599E+01
-0.2775E+01 -0.1020E+03 -0.1020E+03 -0.1020E+03 0.3605E+01 0.3584E+01 0.3565E+01 0.3560E+01 0.3559E+01 0.3558E+01 0.3558E+01 0.3557E+01
-0.2725E+01 -0.1020E+03 -0.1020E+03 -0.1020E+03 0.3566E+01 0.3540E+01 0.3521E+01 0.3516E+01 0.3515E+01 0.3516E+01 0.3516E+01 0.3514E+01
-0.2675E+01 -0.1021E+03 -0.1021E+03 -0.1021E+03 0.3523E+01 0.3495E+01 0.3476E+01 0.3471E+01 0.3470E+01 0.3469E+01 0.3470E+01 0.3469E+01
-0.2625E+01 -0.1021E+03 -0.1021E+03 -0.1021E+03 0.3478E+01 0.3447E+01 0.3429E+01 0.3423E+01 0.3422E+01 0.3423E+01 0.3422E+01 0.3421E+01
-0.2575E+01 -0.1022E+03 -0.1022E+03 -0.1022E+03 0.3430E+01 0.3397E+01 0.3378E+01 0.3373E+01 0.3373E+01 0.3372E+01 0.3372E+01 0.3372E+01
-0.2525E+01 -0.1022E+03 -0.1022E+03 -0.1022E+03 0.3379E+01 0.3344E+01 0.3327E+01 0.3321E+01 0.3320E+01 0.3320E+01 0.3320E+01 0.3319E+01
-0.2475E+01 -0.1023E+03 -0.1023E+03 -0.1023E+03 0.3327E+01 0.3290E+01 0.3272E+01 0.3267E+01 0.3267E+01 0.3267E+01 0.3266E+01 0.3266E+01
-0.2425E+01 -0.1023E+03 -0.1023E+03 -0.1023E+03 0.3271E+01 0.3232E+01 0.3216E+01 0.3211E+01 0.3211E+01 0.3210E+01 0.3210E+01 0.3210E+01
-0.2375E+01 -0.1024E+03 -0.1024E+03 -0.1024E+03 0.3212E+01 0.3174E+01 0.3157E+01 0.3152E+01 0.3152E+01 0.3152E+01 0.3151E+01 0.3151E+01
-0.2325E+01 -0.1024E+03 -0.1024E+03 -0.1024E+03 0.3153E+01 0.3113E+01 0.3096E+01 0.3092E+01 0.3091E+01 0.3091E+01 0.3090E+01 0.3091E+01
-0.2275E+01 -0.1025E+03 -0.1025E+03 -0.1025E+03 0.3089E+01 0.3050E+01 0.3033E+01 0.3028E+01 0.3029E+01 0.3028E+01 0.3028E+01 0.3028E+01
-0.2225E+01 -0.1025E+03 -0.1025E+03 -0.1025E+03 0.3023E+01 0.2984E+01 0.2968E+01 0.2964E+01 0.2965E+01 0.2963E+01 0.2963E+01 0.2964E+01
-0.2175E+01 -0.1026E+03 -0.1026E+03 -0.1026E+03 0.2956E+01 0.2917E+01 0.2901E+01 0.2898E+01 0.2897E+01 0.2897E+01 0.2896E+01 0.2896E+01
-0.2125E+01 -0.1026E+03 -0.1026E+03 -0.1026E+03 0.2886E+01 0.2846E+01 0.2832E+01 0.2827E+01 0.2828E+01 0.2828E+01 0.2827E+01 0.2828E+01
-0.2075E+01 -0.1027E+03 -0.1027E+03 -0.1027E+03 0.2814E+01 0.2773E+01 0.2760E+01 0.2757E+01 0.2757E+01 0.2757E+01 0.2757E+01 0.2757E+01
-0.2025E+01 -0.1027E+03 -0.1027E+03 -0.1027E+03 0.2740E+01 0.2700E+01 0.2686E+01 0.2684E+01 0.2685E+01 0.2684E+01 0.2683E+01 0.2683E+01
-0.1975E+01 -0.1028E+03 -0.1028E+03 -0.1028E+03 0.2663E+01 0.2624E+01 0.2612E+01 0.2610E+01 0.2610E+01 0.2610E+01 0.2608E+01 0.2608E+01
-0.1925E+01 -0.1028E+03 -0.1028E+03 -0.1028E+03 0.2583E+01 0.2545E+01 0.2535E+01 0.2532E+01 0.2533E+01 0.2531E+01 0.2531E+01 0.2531E+01
-0.1875E+01 -0.1029E+03 -0.1029E+03 -0.1029E+03 0.2502E+01 0.2465E+01 0.2454E+01 0.2452E+01 0.2452E+01 0.2454E+01 0.2452E+01 0.2452E+01
-0.1825E+01 -0.1029E+03 -0.1029E+03 -0.1029E+03 0.2418E+01 0.2382E+01 0.2372E+01 0.2372E+01 0.2371E+01 0.2370E+01 0.2370E+01 0.2370E+01
-0.1775E+01 -0.1030E+03 -0.1030E+03 -0.1030E+03 0.2332E+01 0.2296E+01 0.2289E+01 0.2287E+01 0.2287E+01 0.2286E+01 0.2286E+01 0.2286E+01
-0.1725E+01 -0.1030E+03 -0.1030E+03 -0.1030E+03 0.2241E+01 0.2209E+01 0.2202E+01 0.2200E+01 0.2200E+01 0.2200E+01 0.2200E+01 0.2200E+01
-0.1675E+01 -0.1031E+03 -0.1031E+03 -0.1031E+03 0.2149E+01 0.2120E+01 0.2114E+01 0.2112E+01 0.2114E+01 0.2113E+01 0.2111E+01 0.2112E+01
-0.1625E+01 -0.1031E+03 -0.1031E+03 -0.1031E+03 0.2053E+01 0.2026E+01 0.2023E+01 0.2020E+01 0.2021E+01 0.2022E+01 0.2022E+01 0.2021E+01
-0.1575E+01 -0.1032E+03 -0.1032E+03 -0.1032E+03 0.1955E+01 0.1931E+01 0.1929E+01 0.1927E+01 0.1929E+01 0.1928E+01 0.1928E+01 0.1928E+01
-0.1525E+01 -0.1032E+03 -0.1032E+03 -0.1032E+03 0.1854E+01 0.1832E+01 0.1834E+01 0.1832E+01 0.1833E+01 0.1833E+01 0.1831E+01 0.1832E+01
-0.1475E+01 -0.1033E+03 -0.1033E+03 -0.1033E+03 0.1749E+01 0.1734E+01 0.1734E+01 0.1734E+01 0.1734E+01 0.1733E+01 0.1735E+01 0.1733E+01
-0.1425E+01 -0.1033E+03 -0.1033E+03 -0.1033E+03 0.1639E+01 0.1630E+01 0.1633E+01 0.1632E+01 0.1633E+01 0.1636E+01 0.1631E+01 0.1634E+01
-0.1375E+01 -0.1034E+03 -0.1034E+03 -0.1034E+03 0.1528E+01 0.1524E+01 0.1528E+01 0.1528E+01 0.1530E+01 0.1530E+01 0.1531E+01 0.1529E+01
-0.1325E+01 -0.1034E+03 -0.1034E+03 -0.1034E+03 0.1410E+01 0.1415E+01 0.1421E+01 0.1422E+01 0.1424E+01 0.1422E+01 0.1422E+01 0.1421E+01
-0.1275E+01 -0.1035E+03 -0.1035E+03 -0.1035E+03 0.1292E+01 0.1304E+01 0.1313E+01 0.1313E+01 0.1314E+01 0.1314E+01 0.1314E+01 0.1313E+01
-0.1225E+01 -0.1035E+03 -0.1035E+03 -0.1035E+03 0.1170E+01 0.1188E+01 0.1200E+01 0.1201E+01 0.1202E+01 0.1202E+01 0.1203E+01 0.1202E+01
-0.1175E+01 -0.1036E+03 -0.1036E+03 -0.1036E+03 0.1043E+01 0.1075E+01 0.1085E+01 0.1089E+01 0.1086E+01 0.1090E+01 0.1088E+01 0.1088E+01
-0.1125E+01 -0.1036E+03 -0.1036E+03 -0.1036E+03 0.9136E+00 0.9629E+00 0.9679E+00 0.9705E+00 0.9709E+00 0.9731E+00 0.9736E+00 0.9723E+00
-0.1075E+01 -0.1037E+03 -0.1037E+03 -0.1037E+03 0.7855E+00 0.8415E+00 0.8508E+00 0.8571E+00 0.8543E+00 0.8586E+00 0.8539E+00 0.8537E+00
-0.1025E+01 -0.1037E+03 -0.1037E+03 -0.1037E+03 0.6539E+00 0.7231E+00 0.7321E+00 0.7352E+00 0.7334E+00 0.7377E+00 0.7337E+00 0.7351E+00
-0.9750E+00 -0.1038E+03 -0.1038E+03 -0.1038E+03 0.5217E+00 0.6037E+00 0.6129E+00 0.6161E+00 0.6145E+00 0.6161E+00 0.6170E+00 0.6144E+00
-0.9250E+00 -0.1038E+03 -0.1038E+03 -0.1038E+03 0.3977E+00 0.4867E+00 0.4953E+00 0.4993E+00 0.4956E+00 0.4970E+00 0.4959E+00 0.4948E+00
-0.8750E+00 -0.1039E+03 -0.1039E+03 -0.1039E+03 0.2745E+00 0.3726E+00 0.3805E+00 0.3824E+00 0.3805E+00 0.3774E+00 0.3801E+00 0.3792E+00
-0.8250E+00 -0.1039E+03 -0.1039E+03 -0.1039E+03 0.1567E+00 0.2660E+00 0.2625E+00 0.2657E+00 0.2645E+00 0.2671E+00 0.2633E+00 0.2640E+00
-0.7750E+00 -0.1040E+03 -0.1040E+03 -0.1040E+03 0.5431E-01 0.1575E+00 0.1612E+00 0.1613E+00 0.1587E+00 0.1554E+00 0.1567E+00 0.1597E+00
-0.7250E+00 -0.1040E+03 -0.1040E+03 -0.1040E+03 -0.4231E-01 0.6139E-01 0.5969E-01 0.6134E-01 0.5645E-01 0.5518E-01 0.5801E-01 0.5504E-01
-0.6750E+00 -0.1041E+03 -0.1041E+03 -0.1041E+03 -0.1339E+00 -0.2677E-01 -0.3611E-01 -0.4088E-01 -0.3655E-01 -0.3589E-01 -0.3570E-01 -0.3623E-01
-0.6250E+00 -0.1041E+03 -0.1041E+03 -0.1041E+03 -0.2231E+00 -0.1079E+00 -0.1173E+00 -0.1213E+00 -0.1202E+00 -0.1207E+00 -0.1215E+00 -0.1244E+00
-0.5750E+00 -0.1042E+03 -0.1042E+03 -0.1042E+03 -0.3055E+00 -0.1776E+00 -0.1953E+00 -0.1959E+00 -0.1985E+00 -0.1981E+00 -0.1941E+00 -0.1996E+00
-0.5250E+00 -0.1042E+03 -0.1042E+03 -0.1042E+03 -0.3942E+00 -0.2430E+00 -0.2630E+00 -0.2679E+00 -0.2631E+00 -0.2679E+00 -0.2697E+00 -0.2679E+00
-0.4750E+00 -0.1043E+03 -0.1043E+03 -0.1043E+03 -0.4675E+00 -0.3058E+00 -0.3291E+00 -0.3332E+00 -0.3350E+00 -0.3317E+00 -0.3308E+00 -0.3336E+00
-0.4250E+00 -0.1043E+03 -0.1043E+03 -0.1043E+03 -0.4598E+00 -0.3587E+00 -0.3787E+00 -0.3843E+00 -0.3923E+00 -0.3885E+00 -0.3831E+00 -0.3889E+00
-0.3750E+00 -0.1044E+03 -0.1044E+03 -0.1044E+03 -0.1714E+00 -0.4084E+00 -0.4341E+00 -0.4414E+00 -0.4423E+00 -0.4428E+00 -0.4437E+00 -0.4428E+00
-0.3250E+00 -0.1044E+03 -0.1044E+03 -0.1044E+03 0.1463E+00 -0.4597E+00 -0.4854E+00 -0.4831E+00 -0.4964E+00 -0.4919E+00 -0.4889E+00 -0.4868E+00
-0.2750E+00 -0.1045E+03 -0.1045E+03 -0.1045E+03 0.1089E+00 -0.4966E+00 -0.5226E+00 -0.5336E+00 -0.5311E+00 -0.5361E+00 -0.5295E+00 -0.5362E+00
-0.2250E+00 -0.1045E+03 -0.1045E+03 -0.1045E+03 -0.4565E+00 -0.5355E+00 -0.5660E+00 -0.5696E+00 -0.5720E+00 -0.5769E+00 -0.5731E+00 -0.5738E+00
-0.1750E+00 -0.1046E+03 -0.1046E+03 -0.1046E+03 -0.1332E+01 -0.5659E+00 -0.5955E+00 -0.6104E+00 -0.6086E+00 -0.6075E+00 -0.6099E+00 -0.6086E+00
-0.1250E+00 -0.1046E+03 -0.1046E+03 -0.1046E+03 -0.2231E+01 -0.5866E+00 -0.6259E+00 -0.6338E+00 -0.6366E+00 -0.6458E+00 -0.6357E+00 -0.6358E+00
-0.7500E-01 -0.1047E+03 -0.1047E+03 -0.1047E+03 -0.4560E+01 -0.5972E+00 -0.6442E+00 -0.6547E+00 -0.6606E+00 -0.6533E+00 -0.6587E+00 -0.6567E+00
-0.2500E-01 -0.1047E+03 -0.1047E+03 -0.1047E+03 -0.1047E+03 -0.1031E+01 -0.7175E+00 -0.6790E+00 -0.6669E+00 -0.6705E+00 -0.6681E+00 -0.6651E+00
