-0.4975E+01 -0.9879E+02 -0.9879E+02 -0.9879E+02 -0.9879E+02 -0.9879E+02 -0.9879E+02 0.1993E+01 0.2215E+01 0.2858E+01 0.3090E+01 0.3642E+01
-0.4925E+01 -0.9884E+02 -0.9884E+02 -0.9884E+02 -0.9884E+02 -0.9884E+02 0.1165E+01 0.2068E+01 0.2526E+01 0.2744E+01 0.3196E+01 0.3638E+01
-0.4875E+01 -0.9889E+02 -0.9889E+02 0.1115E+01 -0.9889E+02 -0.9889E+02 0.1717E+01 0.1592E+01 0.2291E+01 0.2738E+01 0.3261E+01 0.3620E+01
-0.4825E+01 -0.9894E+02 -0.9894E+02 -0.9894E+02 -0.9894E+02 0.1065E+01 0.1667E+01 0.2065E+01 0.2445E+01 0.2878E+01 0.3282E+01 0.3538E+01
-0.4775E+01 -0.9899E+02 -0.9899E+02 0.1015E+01 -0.9899E+02 0.1316E+01 0.1015E+01 0.1617E+01 0.2413E+01 0.2866E+01 0.3299E+01 0.3533E+01
-0.4725E+01 -0.9904E+02 -0.9904E+02 -0.9904E+02 -0.9904E+02 -0.9904E+02 0.1919E+01 0.2044E+01 0.2483E+01 0.2868E+01 0.3302E+01 0.3575E+01
-0.4675E+01 -0.9909E+02 -0.9909E+02 -0.9909E+02 -0.9909E+02 0.1517E+01 0.1392E+01 0.2145E+01 0.2517E+01 0.2936E+01 0.3338E+01 0.3629E+01
-0.4625E+01 -0.9914E+02 -0.9914E+02 -0.9914E+02 0.1467E+01 0.1342E+01 0.1564E+01 0.2166E+01 0.2456E+01 0.2814E+01 0.3226E+01 0.3601E+01
-0.4575E+01 -0.9919E+02 0.8146E+00 0.8146E+00 0.1292E+01 0.1292E+01 0.1769E+01 0.2137E+01 0.2448E+01 0.2875E+01 0.3346E+01 0.3633E+01
-0.4525E+01 -0.9924E+02 -0.9924E+02 0.7646E+00 0.7646E+00 0.1367E+01 0.1066E+01 0.2020E+01 0.2578E+01 0.3017E+01 0.3327E+01 0.3651E+01
-0.4475E+01 -0.9929E+02 -0.9929E+02 -0.9929E+02 0.1016E+01 0.1414E+01 0.1829E+01 0.2037E+01 0.2553E+01 0.2945E+01 0.3306E+01 0.3644E+01
-0.4425E+01 -0.9934E+02 0.6646E+00 -0.9934E+02 -0.9934E+02 0.9656E+00 0.1779E+01 0.2096E+01 0.2568E+01 0.2961E+01 0.3320E+01 0.3613E+01
-0.4375E+01 -0.9939E+02 -0.9939E+02 0.9156E+00 0.6146E+00 0.1569E+01 0.1615E+01 0.2046E+01 0.2644E+01 0.2961E+01 0.3296E+01 0.3598E+01
-0.4325E+01 -0.9944E+02 -0.9944E+02 0.1042E+01 0.8656E+00 0.1264E+01 0.1945E+01 0.2237E+01 0.2692E+01 0.3050E+01 0.3309E+01 0.3615E+01
-0.4275E+01 -0.9949E+02 -0.9949E+02 0.8156E+00 0.9917E+00 0.5146E+00 0.1770E+01 0.2239E+01 0.2679E+01 0.2995E+01 0.3357E+01 0.3646E+01
-0.4225E+01 -0.9954E+02 -0.9954E+02 -0.9954E+02 0.7656E+00 0.1669E+01 0.1787E+01 0.2213E+01 0.2608E+01 0.3064E+01 0.3329E+01 0.3589E+01
-0.4175E+01 -0.9959E+02 -0.9959E+02 0.4146E+00 0.1017E+01 0.1494E+01 0.1846E+01 0.2378E+01 0.2653E+01 0.3025E+01 0.3359E+01 0.3613E+01
-0.4125E+01 -0.9964E+02 -0.9964E+02 0.8417E+00 0.1210E+01 0.1541E+01 0.1856E+01 0.2245E+01 0.2707E+01 0.3071E+01 0.3348E+01 0.3574E+01
-0.4075E+01 0.3146E+00 -0.9969E+02 0.6156E+00 0.1014E+01 0.1657E+01 0.1894E+01 0.2269E+01 0.2691E+01 0.3070E+01 0.3323E+01 0.3554E+01
-0.4025E+01 -0.9974E+02 0.5656E+00 0.8667E+00 0.9636E+00 0.1441E+01 0.1888E+01 0.2372E+01 0.2701E+01 0.3021E+01 0.3276E+01 0.3547E+01
-0.3975E+01 -0.9979E+02 -0.9979E+02 0.8167E+00 0.1118E+01 0.1470E+01 0.1978E+01 0.2312E+01 0.2724E+01 0.3015E+01 0.3361E+01 0.3549E+01
-0.3925E+01 0.4656E+00 0.1646E+00 0.8636E+00 0.1068E+01 0.1642E+01 0.1889E+01 0.2355E+01 0.2741E+01 0.3011E+01 0.3272E+01 0.3548E+01
-0.3875E+01 0.1146E+00 0.1146E+00 0.1018E+01 0.1115E+01 0.1530E+01 0.1966E+01 0.2391E+01 0.2732E+01 0.3024E+01 0.3277E+01 0.3513E+01
-0.3825E+01 -0.9994E+02 0.6460E-01 0.1065E+01 0.1445E+01 0.1542E+01 0.1994E+01 0.2401E+01 0.2755E+01 0.3032E+01 0.3283E+01 0.3519E+01
-0.3775E+01 -0.9999E+02 0.7928E+00 0.7136E+00 0.1270E+01 0.1687E+01 0.2048E+01 0.2425E+01 0.2720E+01 0.3037E+01 0.3291E+01 0.3512E+01
-0.3725E+01 -0.3540E-01 -0.3540E-01 0.8097E+00 0.1326E+01 0.1627E+01 0.2022E+01 0.2412E+01 0.2706E+01 0.2997E+01 0.3270E+01 0.3470E+01
-0.3675E+01 -0.1001E+03 0.6928E+00 0.7597E+00 0.1145E+01 0.1678E+01 0.2054E+01 0.2459E+01 0.2725E+01 0.3010E+01 0.3263E+01 0.3472E+01
-0.3625E+01 -0.1354E+00 0.1656E+00 0.1069E+01 0.1245E+01 0.1555E+01 0.2014E+01 0.2432E+01 0.2715E+01 0.3006E+01 0.3243E+01 0.3452E+01
-0.3575E+01 -0.1002E+03 0.4167E+00 0.8938E+00 0.1093E+01 0.1690E+01 0.2072E+01 0.2473E+01 0.2739E+01 0.2976E+01 0.3219E+01 0.3429E+01
-0.3525E+01 0.6563E-01 0.3667E+00 0.6097E+00 0.1270E+01 0.1773E+01 0.2091E+01 0.2444E+01 0.2733E+01 0.2981E+01 0.3218E+01 0.3418E+01
-0.3475E+01 -0.2854E+00 0.7146E+00 0.9451E+00 0.1387E+01 0.1794E+01 0.2071E+01 0.2443E+01 0.2712E+01 0.2979E+01 0.3215E+01 0.3401E+01
-0.3425E+01 -0.1003E+03 0.5097E+00 0.8951E+00 0.1346E+01 0.1792E+01 0.2124E+01 0.2449E+01 0.2711E+01 0.2970E+01 0.3202E+01 0.3347E+01
-0.3375E+01 -0.8437E-01 0.9173E-01 0.8187E+00 0.1339E+01 0.1754E+01 0.2118E+01 0.2442E+01 0.2712E+01 0.2946E+01 0.3169E+01 0.3350E+01
-0.3325E+01 0.1667E+00 0.6438E+00 0.8868E+00 0.1410E+01 0.1744E+01 0.2147E+01 0.2469E+01 0.2696E+01 0.2936E+01 0.3154E+01 0.3320E+01
-0.3275E+01 -0.1844E+00 0.6285E+00 0.1006E+01 0.1454E+01 0.1805E+01 0.2137E+01 0.2449E+01 0.2692E+01 0.2935E+01 0.3139E+01 0.3296E+01
-0.3225E+01 -0.5827E-01 0.6407E+00 0.1009E+01 0.1389E+01 0.1789E+01 0.2161E+01 0.2417E+01 0.2690E+01 0.2909E+01 0.3120E+01 0.3279E+01
-0.3175E+01 0.1136E+00 0.6699E+00 0.1027E+01 0.1452E+01 0.1876E+01 0.2167E+01 0.2441E+01 0.2672E+01 0.2884E+01 0.3094E+01 0.3219E+01
-0.3125E+01 0.1428E+00 0.7070E+00 0.1081E+01 0.1472E+01 0.1840E+01 0.2122E+01 0.2426E+01 0.2652E+01 0.2872E+01 0.3067E+01 0.3206E+01
-0.3075E+01 0.9276E-01 0.6948E+00 0.1128E+01 0.1435E+01 0.1851E+01 0.2130E+01 0.2431E+01 0.2638E+01 0.2855E+01 0.3029E+01 0.3180E+01
-0.3025E+01 -0.3643E-01 0.5868E+00 0.1140E+01 0.1510E+01 0.1840E+01 0.2151E+01 0.2385E+01 0.2616E+01 0.2832E+01 0.3013E+01 0.3147E+01
-0.2975E+01 0.5970E-01 0.8167E+00 0.1078E+01 0.1547E+01 0.1862E+01 0.2154E+01 0.2390E+01 0.2607E+01 0.2799E+01 0.2982E+01 0.3097E+01
-0.2925E+01 0.1188E+00 0.8081E+00 0.1165E+01 0.1509E+01 0.1864E+01 0.2146E+01 0.2367E+01 0.2596E+01 0.2787E+01 0.2941E+01 0.3063E+01
-0.2875E+01 0.1146E+00 0.8222E+00 0.1232E+01 0.1543E+01 0.1899E+01 0.2130E+01 0.2361E+01 0.2588E+01 0.2762E+01 0.2907E+01 0.3031E+01
-0.2825E+01 0.3199E+00 0.8775E+00 0.1249E+01 0.1543E+01 0.1874E+01 0.2092E+01 0.2377E+01 0.2556E+01 0.2718E+01 0.2898E+01 0.3006E+01
-0.2775E+01 0.1907E+00 0.8719E+00 0.1164E+01 0.1572E+01 0.1852E+01 0.2115E+01 0.2336E+01 0.2525E+01 0.2699E+01 0.2833E+01 0.2942E+01
-0.2725E+01 0.3263E+00 0.8889E+00 0.1274E+01 0.1568E+01 0.1841E+01 0.2088E+01 0.2327E+01 0.2511E+01 0.2667E+01 0.2805E+01 0.2902E+01
-0.2675E+01 0.1934E+00 0.8831E+00 0.1184E+01 0.1560E+01 0.1847E+01 0.2069E+01 0.2297E+01 0.2490E+01 0.2639E+01 0.2782E+01 0.2874E+01
-0.2625E+01 0.2070E+00 0.8899E+00 0.1228E+01 0.1592E+01 0.1829E+01 0.2053E+01 0.2278E+01 0.2462E+01 0.2606E+01 0.2728E+01 0.2817E+01
-0.2575E+01 0.4581E+00 0.8638E+00 0.1218E+01 0.1592E+01 0.1827E+01 0.2064E+01 0.2260E+01 0.2440E+01 0.2572E+01 0.2684E+01 0.2765E+01
-0.2525E+01 0.3981E+00 0.8949E+00 0.1246E+01 0.1597E+01 0.1835E+01 0.2044E+01 0.2255E+01 0.2408E+01 0.2550E+01 0.2646E+01 0.2726E+01
-0.2475E+01 0.3581E+00 0.9105E+00 0.1284E+01 0.1558E+01 0.1829E+01 0.2013E+01 0.2219E+01 0.2372E+01 0.2507E+01 0.2601E+01 0.2675E+01
-0.2425E+01 0.4280E+00 0.9150E+00 0.1270E+01 0.1536E+01 0.1797E+01 0.2010E+01 0.2184E+01 0.2339E+01 0.2462E+01 0.2553E+01 0.2626E+01
-0.2375E+01 0.4139E+00 0.9875E+00 0.1267E+01 0.1549E+01 0.1785E+01 0.1978E+01 0.2161E+01 0.2309E+01 0.2423E+01 0.2521E+01 0.2576E+01
-0.2325E+01 0.3708E+00 0.8930E+00 0.1281E+01 0.1524E+01 0.1769E+01 0.1969E+01 0.2128E+01 0.2272E+01 0.2379E+01 0.2456E+01 0.2516E+01
-0.2275E+01 0.3407E+00 0.9228E+00 0.1233E+01 0.1534E+01 0.1756E+01 0.1939E+01 0.2100E+01 0.2236E+01 0.2338E+01 0.2411E+01 0.2465E+01
-0.2225E+01 0.4091E+00 0.9615E+00 0.1269E+01 0.1535E+01 0.1740E+01 0.1911E+01 0.2060E+01 0.2192E+01 0.2289E+01 0.2366E+01 0.2407E+01
-0.2175E+01 0.4520E+00 0.9673E+00 0.1247E+01 0.1468E+01 0.1695E+01 0.1886E+01 0.2036E+01 0.2157E+01 0.2240E+01 0.2302E+01 0.2353E+01
-0.2125E+01 0.5107E+00 0.9124E+00 0.1237E+01 0.1497E+01 0.1684E+01 0.1849E+01 0.1986E+01 0.2098E+01 0.2181E+01 0.2234E+01 0.2294E+01
-0.2075E+01 0.4252E+00 0.9600E+00 0.1269E+01 0.1473E+01 0.1667E+01 0.1816E+01 0.1962E+01 0.2061E+01 0.2137E+01 0.2178E+01 0.2243E+01
-0.2025E+01 0.4847E+00 0.9548E+00 0.1258E+01 0.1433E+01 0.1632E+01 0.1783E+01 0.1922E+01 0.2010E+01 0.2087E+01 0.2144E+01 0.2183E+01
-0.1975E+01 0.4373E+00 0.9446E+00 0.1213E+01 0.1438E+01 0.1614E+01 0.1765E+01 0.1876E+01 0.1965E+01 0.2025E+01 0.2071E+01 0.2128E+01
-0.1925E+01 0.4294E+00 0.9347E+00 0.1185E+01 0.1399E+01 0.1566E+01 0.1710E+01 0.1832E+01 0.1914E+01 0.1970E+01 0.2012E+01 0.2055E+01
-0.1875E+01 0.4706E+00 0.9160E+00 0.1184E+01 0.1369E+01 0.1549E+01 0.1681E+01 0.1790E+01 0.1860E+01 0.1920E+01 0.1953E+01 0.2001E+01
-0.1825E+01 0.4484E+00 0.8822E+00 0.1157E+01 0.1353E+01 0.1511E+01 0.1633E+01 0.1735E+01 0.1820E+01 0.1859E+01 0.1895E+01 0.1917E+01
-0.1775E+01 0.4649E+00 0.8566E+00 0.1121E+01 0.1319E+01 0.1469E+01 0.1590E+01 0.1683E+01 0.1749E+01 0.1806E+01 0.1828E+01 0.1850E+01
-0.1725E+01 0.4086E+00 0.8550E+00 0.1098E+01 0.1295E+01 0.1440E+01 0.1545E+01 0.1646E+01 0.1704E+01 0.1734E+01 0.1758E+01 0.1793E+01
-0.1675E+01 0.3664E+00 0.8337E+00 0.1068E+01 0.1255E+01 0.1396E+01 0.1509E+01 0.1577E+01 0.1639E+01 0.1675E+01 0.1703E+01 0.1720E+01
-0.1625E+01 0.4124E+00 0.7789E+00 0.1020E+01 0.1224E+01 0.1352E+01 0.1451E+01 0.1521E+01 0.1568E+01 0.1602E+01 0.1633E+01 0.1655E+01
-0.1575E+01 0.3828E+00 0.7456E+00 0.1015E+01 0.1180E+01 0.1301E+01 0.1387E+01 0.1469E+01 0.1502E+01 0.1549E+01 0.1562E+01 0.1568E+01
-0.1525E+01 0.3868E+00 0.7208E+00 0.9668E+00 0.1117E+01 0.1248E+01 0.1339E+01 0.1397E+01 0.1434E+01 0.1466E+01 0.1494E+01 0.1507E+01
-0.1475E+01 0.3688E+00 0.7094E+00 0.9155E+00 0.1085E+01 0.1209E+01 0.1283E+01 0.1325E+01 0.1390E+01 0.1402E+01 0.1412E+01 0.1421E+01
-0.1425E+01 0.3041E+00 0.6558E+00 0.9081E+00 0.1017E+01 0.1150E+01 0.1220E+01 0.1259E+01 0.1289E+01 0.1318E+01 0.1336E+01 0.1328E+01
-0.1375E+01 0.3405E+00 0.5896E+00 0.8212E+00 0.9792E+00 0.1087E+01 0.1155E+01 0.1189E+01 0.1216E+01 0.1229E+01 0.1251E+01 0.1252E+01
-0.1325E+01 0.2814E+00 0.5787E+00 0.7768E+00 0.9327E+00 0.1007E+01 0.1074E+01 0.1118E+01 0.1140E+01 0.1154E+01 0.1153E+01 0.1161E+01
-0.1275E+01 0.2247E+00 0.5219E+00 0.7171E+00 0.8666E+00 0.9577E+00 0.1010E+01 0.1045E+01 0.1050E+01 0.1073E+01 0.1080E+01 0.1065E+01
-0.1225E+01 0.2081E+00 0.4749E+00 0.6616E+00 0.7907E+00 0.8766E+00 0.9213E+00 0.9480E+00 0.9692E+00 0.9692E+00 0.9834E+00 0.9489E+00
-0.1175E+01 0.1891E+00 0.4245E+00 0.6111E+00 0.7093E+00 0.7932E+00 0.8342E+00 0.8786E+00 0.8684E+00 0.8879E+00 0.8440E+00 0.8713E+00
-0.1125E+01 0.1556E+00 0.3505E+00 0.5181E+00 0.6297E+00 0.7162E+00 0.7552E+00 0.7812E+00 0.7786E+00 0.7794E+00 0.7850E+00 0.7812E+00
-0.1075E+01 0.4296E-01 0.3150E+00 0.4601E+00 0.5851E+00 0.6180E+00 0.6574E+00 0.6853E+00 0.6718E+00 0.6752E+00 0.6706E+00 0.6486E+00
-0.1025E+01 -0.4167E-01 0.2354E+00 0.4020E+00 0.4845E+00 0.5341E+00 0.5665E+00 0.5667E+00 0.5667E+00 0.5619E+00 0.5456E+00 0.5428E+00
-0.9750E+00 -0.1051E+00 0.1798E+00 0.3084E+00 0.4052E+00 0.4511E+00 0.4601E+00 0.4701E+00 0.4511E+00 0.4331E+00 0.4228E+00 0.4545E+00
-0.9250E+00 -0.1851E+00 0.9095E-01 0.2317E+00 0.3029E+00 0.3328E+00 0.3310E+00 0.3580E+00 0.3307E+00 0.3245E+00 0.3222E+00 0.3245E+00
-0.8750E+00 -0.2621E+00 -0.3109E-01 0.1295E+00 0.2042E+00 0.2272E+00 0.2242E+00 0.2279E+00 0.2160E+00 0.1902E+00 0.1892E+00 0.1520E+00
-0.8250E+00 -0.4222E+00 -0.1319E+00 -0.3938E-02 0.6850E-01 0.1072E+00 0.1158E+00 0.9032E-01 0.6286E-01 0.6330E-01 0.2365E-01 0.1521E-01
-0.7750E+00 -0.5492E+00 -0.2514E+00 -0.1034E+00 -0.5598E-01 -0.4141E-01 -0.6423E-01 -0.7424E-01 -0.6475E-01 -0.9609E-01 -0.1419E+00 -0.1692E+00
-0.7250E+00 -0.7091E+00 -0.3569E+00 -0.2966E+00 -0.2192E+00 -0.2238E+00 -0.2022E+00 -0.2238E+00 -0.2486E+00 -0.2697E+00 -0.2833E+00 -0.3726E+00
-0.6750E+00 -0.7976E+00 -0.6068E+00 -0.4161E+00 -0.3770E+00 -0.3427E+00 -0.3514E+00 -0.4115E+00 -0.4351E+00 -0.4439E+00 -0.4179E+00 -0.5172E+00
-0.6250E+00 -0.9924E+00 -0.7606E+00 -0.6302E+00 -0.5579E+00 -0.6026E+00 -0.5755E+00 -0.6014E+00 -0.6656E+00 -0.6685E+00 -0.7289E+00 -0.7331E+00
-0.5750E+00 -0.1266E+01 -0.9044E+00 -0.7892E+00 -0.7382E+00 -0.7414E+00 -0.7654E+00 -0.8180E+00 -0.8800E+00 -0.8954E+00 -0.8954E+00 -0.9549E+00
-0.5250E+00 -0.1409E+01 -0.1194E+01 -0.1002E+01 -0.9729E+00 -0.9825E+00 -0.1059E+01 -0.1026E+01 -0.1125E+01 -0.1171E+01 -0.1121E+01 -0.1156E+01
-0.4750E+00 -0.1683E+01 -0.1281E+01 -0.1281E+01 -0.1312E+01 -0.1268E+01 -0.1346E+01 -0.1466E+01 -0.1434E+01 -0.1399E+01 -0.1369E+01 -0.1396E+01
-0.4250E+00 -0.2159E+01 -0.1595E+01 -0.1611E+01 -0.1522E+01 -0.1611E+01 -0.1572E+01 -0.1645E+01 -0.1779E+01 -0.1767E+01 -0.1733E+01 -0.1733E+01
-0.3750E+00 -0.2181E+01 -0.1854E+01 -0.1954E+01 -0.1894E+01 -0.1854E+01 -0.2130E+01 -0.1923E+01 -0.2155E+01 -0.2130E+01 -0.1841E+01 -0.2033E+01
-0.3250E+00 -0.2657E+01 -0.2231E+01 -0.2157E+01 -0.2205E+01 -0.2157E+01 -0.2321E+01 -0.2289E+01 -0.2205E+01 -0.2532E+01 -0.2037E+01 -0.3037E+01
-0.2750E+00 -0.2786E+01 -0.2406E+01 -0.2707E+01 -0.2640E+01 -0.2485E+01 -0.3485E+01 -0.2582E+01 -0.3008E+01 -0.3184E+01 -0.2404E+01 -0.2485E+01
-0.2250E+00 -0.3234E+01 -0.3234E+01 -0.2933E+01 -0.3234E+01 -0.3535E+01 -0.3058E+01 -0.3535E+01 -0.3535E+01 -0.3535E+01 -0.2857E+01 -0.3137E+01
-0.1750E+00 -0.3585E+01 -0.3108E+01 -0.1036E+03 -0.3284E+01 -0.3585E+01 -0.3585E+01 -0.3585E+01 -0.3585E+01 -0.1036E+03 -0.3187E+01 -0.1032E+03
-0.1250E+00 -0.1036E+03 -0.1036E+03 -0.3635E+01 -0.3334E+01 -0.1036E+03 -0.1036E+03 -0.3635E+01 -0.1036E+03 -0.1036E+03 -0.1032E+03 -0.1032E+03
-0.7500E-01 -0.1037E+03 -0.1037E+03 -0.1037E+03 -0.1037E+03 -0.1037E+03 -0.1037E+03 -0.1037E+03 -0.1037E+03 -0.1037E+03 -0.1033E+03 -0.1033E+03
-0.2500E-01 -0.1037E+03 -0.1037E+03 -0.1037E+03 -0.1037E+03 -0.1037E+03 -0.1037E+03 -0.1037E+03 -0.1037E+03 -0.1037E+03 -0.1033E+03 -0.1033E+03
