-0.4975E+01 0.9136E+00 0.1090E+01 0.1935E+01 0.2684E+01 0.3222E+01 0.3804E+01 0.4320E+01 0.4743E+01 0.5106E+01 0.5397E+01 0.5627E+01
-0.4925E+01 0.8636E+00 0.1517E+01 0.1905E+01 0.2616E+01 0.3266E+01 0.3833E+01 0.4322E+01 0.4753E+01 0.5105E+01 0.5385E+01 0.5606E+01
-0.4875E+01 0.5125E+00 0.1212E+01 0.2057E+01 0.2652E+01 0.3283E+01 0.3864E+01 0.4337E+01 0.4764E+01 0.5098E+01 0.5372E+01 0.5584E+01
-0.4825E+01 -0.9954E+02 0.1504E+01 0.2054E+01 0.2688E+01 0.3322E+01 0.3877E+01 0.4371E+01 0.4777E+01 0.5099E+01 0.5364E+01 0.5566E+01
-0.4775E+01 0.8897E+00 0.1492E+01 0.2183E+01 0.2776E+01 0.3363E+01 0.3904E+01 0.4392E+01 0.4775E+01 0.5094E+01 0.5345E+01 0.5534E+01
-0.4725E+01 0.6636E+00 0.1208E+01 0.2182E+01 0.2829E+01 0.3411E+01 0.3938E+01 0.4397E+01 0.4781E+01 0.5089E+01 0.5333E+01 0.5511E+01
-0.4675E+01 0.7897E+00 0.1354E+01 0.2132E+01 0.2836E+01 0.3460E+01 0.3966E+01 0.4419E+01 0.4780E+01 0.5075E+01 0.5313E+01 0.5476E+01
-0.4625E+01 0.8646E+00 0.1605E+01 0.2280E+01 0.2895E+01 0.3469E+01 0.3980E+01 0.4422E+01 0.4783E+01 0.5064E+01 0.5286E+01 0.5451E+01
-0.4575E+01 0.2125E+00 0.1468E+01 0.2225E+01 0.2930E+01 0.3501E+01 0.4006E+01 0.4429E+01 0.4780E+01 0.5052E+01 0.5261E+01 0.5423E+01
-0.4525E+01 0.9407E+00 0.1681E+01 0.2280E+01 0.2952E+01 0.3530E+01 0.4026E+01 0.4444E+01 0.4778E+01 0.5035E+01 0.5235E+01 0.5390E+01
-0.4475E+01 0.1016E+01 0.1681E+01 0.2363E+01 0.2984E+01 0.3569E+01 0.4043E+01 0.4446E+01 0.4770E+01 0.5024E+01 0.5211E+01 0.5354E+01
-0.4425E+01 0.1063E+01 0.1725E+01 0.2399E+01 0.3035E+01 0.3593E+01 0.4073E+01 0.4454E+01 0.4760E+01 0.5001E+01 0.5180E+01 0.5321E+01
-0.4375E+01 0.9668E+00 0.1737E+01 0.2449E+01 0.3092E+01 0.3624E+01 0.4086E+01 0.4451E+01 0.4754E+01 0.4983E+01 0.5154E+01 0.5285E+01
-0.4325E+01 0.1004E+01 0.1838E+01 0.2476E+01 0.3106E+01 0.3648E+01 0.4090E+01 0.4455E+01 0.4742E+01 0.4958E+01 0.5127E+01 0.5255E+01
-0.4275E+01 0.1293E+01 0.1938E+01 0.2535E+01 0.3123E+01 0.3658E+01 0.4106E+01 0.4456E+01 0.4725E+01 0.4934E+01 0.5089E+01 0.5213E+01
-0.4225E+01 0.1205E+01 0.1884E+01 0.2595E+01 0.3156E+01 0.3687E+01 0.4114E+01 0.4454E+01 0.4716E+01 0.4908E+01 0.5057E+01 0.5174E+01
-0.4175E+01 0.1210E+01 0.1965E+01 0.2650E+01 0.3211E+01 0.3704E+01 0.4115E+01 0.4443E+01 0.4692E+01 0.4879E+01 0.5016E+01 0.5132E+01
-0.4125E+01 0.1307E+01 0.2008E+01 0.2679E+01 0.3245E+01 0.3725E+01 0.4119E+01 0.4435E+01 0.4675E+01 0.4851E+01 0.4982E+01 0.5095E+01
-0.4075E+01 0.1429E+01 0.2093E+01 0.2703E+01 0.3257E+01 0.3737E+01 0.4120E+01 0.4425E+01 0.4653E+01 0.4821E+01 0.4952E+01 0.5048E+01
-0.4025E+01 0.1433E+01 0.2067E+01 0.2745E+01 0.3288E+01 0.3753E+01 0.4123E+01 0.4413E+01 0.4630E+01 0.4787E+01 0.4909E+01 0.5012E+01
-0.3975E+01 0.1368E+01 0.2185E+01 0.2759E+01 0.3327E+01 0.3761E+01 0.4122E+01 0.4397E+01 0.4605E+01 0.4757E+01 0.4870E+01 0.4967E+01
-0.3925E+01 0.1531E+01 0.2184E+01 0.2810E+01 0.3349E+01 0.3767E+01 0.4119E+01 0.4384E+01 0.4577E+01 0.4718E+01 0.4832E+01 0.4921E+01
-0.3875E+01 0.1490E+01 0.2249E+01 0.2835E+01 0.3363E+01 0.3778E+01 0.4111E+01 0.4364E+01 0.4548E+01 0.4682E+01 0.4789E+01 0.4878E+01
-0.3825E+01 0.1492E+01 0.2272E+01 0.2879E+01 0.3381E+01 0.3782E+01 0.4102E+01 0.4340E+01 0.4519E+01 0.4646E+01 0.4746E+01 0.4831E+01
-0.3775E+01 0.1559E+01 0.2309E+01 0.2902E+01 0.3389E+01 0.3783E+01 0.4093E+01 0.4320E+01 0.4486E+01 0.4605E+01 0.4702E+01 0.4787E+01
-0.3725E+01 0.1703E+01 0.2343E+01 0.2944E+01 0.3401E+01 0.3789E+01 0.4079E+01 0.4294E+01 0.4450E+01 0.4563E+01 0.4657E+01 0.4739E+01
-0.3675E+01 0.1758E+01 0.2400E+01 0.2957E+01 0.3419E+01 0.3781E+01 0.4065E+01 0.4269E+01 0.4418E+01 0.4523E+01 0.4616E+01 0.4690E+01
-0.3625E+01 0.1717E+01 0.2415E+01 0.2970E+01 0.3426E+01 0.3779E+01 0.4046E+01 0.4240E+01 0.4378E+01 0.4480E+01 0.4568E+01 0.4637E+01
-0.3575E+01 0.1816E+01 0.2460E+01 0.3005E+01 0.3433E+01 0.3772E+01 0.4025E+01 0.4210E+01 0.4338E+01 0.4436E+01 0.4522E+01 0.4589E+01
-0.3525E+01 0.1850E+01 0.2490E+01 0.3015E+01 0.3445E+01 0.3764E+01 0.4007E+01 0.4176E+01 0.4298E+01 0.4390E+01 0.4471E+01 0.4539E+01
-0.3475E+01 0.1883E+01 0.2533E+01 0.3036E+01 0.3443E+01 0.3754E+01 0.3984E+01 0.4143E+01 0.4255E+01 0.4345E+01 0.4422E+01 0.4486E+01
-0.3425E+01 0.1960E+01 0.2555E+01 0.3052E+01 0.3441E+01 0.3742E+01 0.3957E+01 0.4107E+01 0.4211E+01 0.4298E+01 0.4364E+01 0.4434E+01
-0.3375E+01 0.1960E+01 0.2593E+01 0.3072E+01 0.3443E+01 0.3724E+01 0.3927E+01 0.4070E+01 0.4167E+01 0.4249E+01 0.4325E+01 0.4378E+01
-0.3325E+01 0.2019E+01 0.2613E+01 0.3083E+01 0.3437E+01 0.3710E+01 0.3897E+01 0.4028E+01 0.4122E+01 0.4202E+01 0.4265E+01 0.4323E+01
-0.3275E+01 0.2065E+01 0.2635E+01 0.3087E+01 0.3429E+01 0.3683E+01 0.3868E+01 0.3986E+01 0.4076E+01 0.4151E+01 0.4218E+01 0.4271E+01
-0.3225E+01 0.2101E+01 0.2662E+01 0.3097E+01 0.3421E+01 0.3662E+01 0.3831E+01 0.3943E+01 0.4029E+01 0.4098E+01 0.4162E+01 0.4206E+01
-0.3175E+01 0.2139E+01 0.2672E+01 0.3095E+01 0.3407E+01 0.3638E+01 0.3792E+01 0.3900E+01 0.3980E+01 0.4044E+01 0.4107E+01 0.4151E+01
-0.3125E+01 0.2179E+01 0.2702E+01 0.3087E+01 0.3395E+01 0.3609E+01 0.3753E+01 0.3852E+01 0.3927E+01 0.3992E+01 0.4046E+01 0.4090E+01
-0.3075E+01 0.2195E+01 0.2704E+01 0.3098E+01 0.3380E+01 0.3580E+01 0.3714E+01 0.3807E+01 0.3878E+01 0.3938E+01 0.3993E+01 0.4032E+01
-0.3025E+01 0.2236E+01 0.2716E+01 0.3085E+01 0.3358E+01 0.3548E+01 0.3670E+01 0.3759E+01 0.3824E+01 0.3883E+01 0.3931E+01 0.3971E+01
-0.2975E+01 0.2259E+01 0.2726E+01 0.3079E+01 0.3341E+01 0.3516E+01 0.3627E+01 0.3708E+01 0.3770E+01 0.3826E+01 0.3872E+01 0.3911E+01
-0.2925E+01 0.2276E+01 0.2734E+01 0.3071E+01 0.3314E+01 0.3477E+01 0.3580E+01 0.3657E+01 0.3719E+01 0.3769E+01 0.3812E+01 0.3847E+01
-0.2875E+01 0.2296E+01 0.2731E+01 0.3058E+01 0.3285E+01 0.3436E+01 0.3531E+01 0.3604E+01 0.3662E+01 0.3711E+01 0.3750E+01 0.3785E+01
-0.2825E+01 0.2324E+01 0.2740E+01 0.3043E+01 0.3258E+01 0.3395E+01 0.3486E+01 0.3550E+01 0.3607E+01 0.3649E+01 0.3686E+01 0.3718E+01
-0.2775E+01 0.2341E+01 0.2730E+01 0.3027E+01 0.3228E+01 0.3351E+01 0.3431E+01 0.3496E+01 0.3547E+01 0.3587E+01 0.3622E+01 0.3652E+01
-0.2725E+01 0.2350E+01 0.2728E+01 0.3003E+01 0.3189E+01 0.3305E+01 0.3383E+01 0.3437E+01 0.3487E+01 0.3528E+01 0.3559E+01 0.3586E+01
-0.2675E+01 0.2355E+01 0.2721E+01 0.2985E+01 0.3154E+01 0.3258E+01 0.3328E+01 0.3382E+01 0.3428E+01 0.3461E+01 0.3494E+01 0.3518E+01
-0.2625E+01 0.2357E+01 0.2716E+01 0.2956E+01 0.3111E+01 0.3210E+01 0.3272E+01 0.3325E+01 0.3365E+01 0.3399E+01 0.3421E+01 0.3448E+01
-0.2575E+01 0.2369E+01 0.2698E+01 0.2927E+01 0.3070E+01 0.3156E+01 0.3216E+01 0.3263E+01 0.3301E+01 0.3330E+01 0.3358E+01 0.3378E+01
-0.2525E+01 0.2370E+01 0.2685E+01 0.2895E+01 0.3025E+01 0.3102E+01 0.3157E+01 0.3200E+01 0.3236E+01 0.3264E+01 0.3288E+01 0.3308E+01
-0.2475E+01 0.2364E+01 0.2666E+01 0.2860E+01 0.2979E+01 0.3049E+01 0.3100E+01 0.3141E+01 0.3173E+01 0.3198E+01 0.3219E+01 0.3235E+01
-0.2425E+01 0.2356E+01 0.2641E+01 0.2822E+01 0.2931E+01 0.2992E+01 0.3038E+01 0.3078E+01 0.3104E+01 0.3127E+01 0.3148E+01 0.3167E+01
-0.2375E+01 0.2351E+01 0.2616E+01 0.2787E+01 0.2877E+01 0.2933E+01 0.2977E+01 0.3011E+01 0.3037E+01 0.3056E+01 0.3073E+01 0.3083E+01
-0.2325E+01 0.2335E+01 0.2587E+01 0.2739E+01 0.2823E+01 0.2872E+01 0.2913E+01 0.2945E+01 0.2968E+01 0.2987E+01 0.2999E+01 0.3012E+01
-0.2275E+01 0.2328E+01 0.2559E+01 0.2697E+01 0.2767E+01 0.2810E+01 0.2849E+01 0.2878E+01 0.2899E+01 0.2912E+01 0.2928E+01 0.2939E+01
-0.2225E+01 0.2312E+01 0.2519E+01 0.2647E+01 0.2710E+01 0.2748E+01 0.2781E+01 0.2807E+01 0.2827E+01 0.2841E+01 0.2852E+01 0.2862E+01
-0.2175E+01 0.2287E+01 0.2488E+01 0.2591E+01 0.2649E+01 0.2684E+01 0.2714E+01 0.2737E+01 0.2751E+01 0.2767E+01 0.2777E+01 0.2780E+01
-0.2125E+01 0.2270E+01 0.2445E+01 0.2541E+01 0.2591E+01 0.2619E+01 0.2643E+01 0.2664E+01 0.2678E+01 0.2688E+01 0.2691E+01 0.2694E+01
-0.2075E+01 0.2242E+01 0.2400E+01 0.2481E+01 0.2520E+01 0.2553E+01 0.2574E+01 0.2590E+01 0.2602E+01 0.2606E+01 0.2613E+01 0.2620E+01
-0.2025E+01 0.2208E+01 0.2356E+01 0.2421E+01 0.2456E+01 0.2477E+01 0.2502E+01 0.2513E+01 0.2526E+01 0.2530E+01 0.2537E+01 0.2532E+01
-0.1975E+01 0.2176E+01 0.2306E+01 0.2359E+01 0.2391E+01 0.2410E+01 0.2427E+01 0.2436E+01 0.2441E+01 0.2451E+01 0.2444E+01 0.2450E+01
-0.1925E+01 0.2136E+01 0.2249E+01 0.2297E+01 0.2323E+01 0.2337E+01 0.2351E+01 0.2360E+01 0.2364E+01 0.2365E+01 0.2363E+01 0.2364E+01
-0.1875E+01 0.2097E+01 0.2191E+01 0.2227E+01 0.2247E+01 0.2265E+01 0.2272E+01 0.2282E+01 0.2282E+01 0.2279E+01 0.2275E+01 0.2267E+01
-0.1825E+01 0.2049E+01 0.2130E+01 0.2160E+01 0.2175E+01 0.2185E+01 0.2194E+01 0.2200E+01 0.2200E+01 0.2195E+01 0.2188E+01 0.2190E+01
-0.1775E+01 0.2006E+01 0.2071E+01 0.2086E+01 0.2097E+01 0.2111E+01 0.2110E+01 0.2114E+01 0.2112E+01 0.2106E+01 0.2106E+01 0.2099E+01
-0.1725E+01 0.1948E+01 0.2003E+01 0.2017E+01 0.2022E+01 0.2027E+01 0.2028E+01 0.2028E+01 0.2027E+01 0.2022E+01 0.2018E+01 0.2010E+01
-0.1675E+01 0.1895E+01 0.1931E+01 0.1939E+01 0.1941E+01 0.1944E+01 0.1946E+01 0.1937E+01 0.1934E+01 0.1931E+01 0.1922E+01 0.1914E+01
-0.1625E+01 0.1834E+01 0.1855E+01 0.1862E+01 0.1868E+01 0.1858E+01 0.1858E+01 0.1848E+01 0.1845E+01 0.1840E+01 0.1825E+01 0.1822E+01
-0.1575E+01 0.1768E+01 0.1785E+01 0.1780E+01 0.1775E+01 0.1773E+01 0.1766E+01 0.1759E+01 0.1752E+01 0.1741E+01 0.1733E+01 0.1721E+01
-0.1525E+01 0.1703E+01 0.1705E+01 0.1697E+01 0.1691E+01 0.1689E+01 0.1674E+01 0.1670E+01 0.1656E+01 0.1644E+01 0.1640E+01 0.1622E+01
-0.1475E+01 0.1626E+01 0.1623E+01 0.1615E+01 0.1604E+01 0.1594E+01 0.1587E+01 0.1567E+01 0.1563E+01 0.1546E+01 0.1526E+01 0.1530E+01
-0.1425E+01 0.1553E+01 0.1537E+01 0.1526E+01 0.1508E+01 0.1503E+01 0.1486E+01 0.1473E+01 0.1456E+01 0.1446E+01 0.1431E+01 0.1422E+01
-0.1375E+01 0.1470E+01 0.1453E+01 0.1435E+01 0.1418E+01 0.1401E+01 0.1387E+01 0.1377E+01 0.1359E+01 0.1344E+01 0.1333E+01 0.1319E+01
-0.1325E+01 0.1388E+01 0.1362E+01 0.1344E+01 0.1320E+01 0.1303E+01 0.1291E+01 0.1275E+01 0.1250E+01 0.1238E+01 0.1222E+01 0.1203E+01
-0.1275E+01 0.1298E+01 0.1270E+01 0.1246E+01 0.1228E+01 0.1198E+01 0.1179E+01 0.1167E+01 0.1144E+01 0.1131E+01 0.1106E+01 0.1096E+01
-0.1225E+01 0.1204E+01 0.1173E+01 0.1146E+01 0.1122E+01 0.1094E+01 0.1072E+01 0.1054E+01 0.1040E+01 0.1013E+01 0.1009E+01 0.9827E+00
-0.1175E+01 0.1107E+01 0.1074E+01 0.1041E+01 0.1013E+01 0.9889E+00 0.9610E+00 0.9429E+00 0.9214E+00 0.8966E+00 0.8723E+00 0.8624E+00
-0.1125E+01 0.1015E+01 0.9758E+00 0.9295E+00 0.9007E+00 0.8728E+00 0.8496E+00 0.8214E+00 0.8045E+00 0.7853E+00 0.7667E+00 0.7624E+00
-0.1075E+01 0.9049E+00 0.8578E+00 0.8155E+00 0.7839E+00 0.7618E+00 0.7360E+00 0.7145E+00 0.6804E+00 0.6712E+00 0.6280E+00 0.6210E+00
-0.1025E+01 0.7928E+00 0.7467E+00 0.7072E+00 0.6714E+00 0.6306E+00 0.6115E+00 0.5865E+00 0.5587E+00 0.5404E+00 0.5167E+00 0.5057E+00
-0.9750E+00 0.6820E+00 0.6289E+00 0.5940E+00 0.5558E+00 0.5132E+00 0.4707E+00 0.4510E+00 0.4285E+00 0.3941E+00 0.3769E+00 0.3472E+00
-0.9250E+00 0.5616E+00 0.4972E+00 0.4592E+00 0.4134E+00 0.3787E+00 0.3404E+00 0.3035E+00 0.3014E+00 0.2701E+00 0.2185E+00 0.2372E+00
-0.8750E+00 0.4295E+00 0.3618E+00 0.3152E+00 0.2800E+00 0.2247E+00 0.2017E+00 0.1615E+00 0.1408E+00 0.1168E+00 0.9823E-01 0.7650E-01
-0.8250E+00 0.2987E+00 0.2266E+00 0.1815E+00 0.1325E+00 0.8528E-01 0.3854E-01 0.1861E-01 -0.2424E-01 -0.3832E-01 -0.6558E-01 -0.8109E-01
-0.7750E+00 0.1641E+00 0.9342E-01 0.3476E-01 -0.1528E-01 -0.6073E-01 -0.1026E+00 -0.1294E+00 -0.1895E+00 -0.2013E+00 -0.2280E+00 -0.2522E+00
-0.7250E+00 -0.1269E-02 -0.7755E-01 -0.1207E+00 -0.1782E+00 -0.2100E+00 -0.2682E+00 -0.3058E+00 -0.3360E+00 -0.3705E+00 -0.3745E+00 -0.3851E+00
-0.6750E+00 -0.1566E+00 -0.2287E+00 -0.2999E+00 -0.3374E+00 -0.4098E+00 -0.4329E+00 -0.5105E+00 -0.5117E+00 -0.5466E+00 -0.5604E+00 -0.6011E+00
-0.6250E+00 -0.3243E+00 -0.4000E+00 -0.4705E+00 -0.5304E+00 -0.5855E+00 -0.6399E+00 -0.6764E+00 -0.7188E+00 -0.7134E+00 -0.7969E+00 -0.7813E+00
-0.5750E+00 -0.5062E+00 -0.5968E+00 -0.6695E+00 -0.7252E+00 -0.7918E+00 -0.8405E+00 -0.8817E+00 -0.9049E+00 -0.9673E+00 -0.1009E+01 -0.1006E+01
-0.5250E+00 -0.7228E+00 -0.7921E+00 -0.8940E+00 -0.9454E+00 -0.1011E+01 -0.1066E+01 -0.1133E+01 -0.1145E+01 -0.1158E+01 -0.1190E+01 -0.1281E+01
-0.4750E+00 -0.9415E+00 -0.1008E+01 -0.1103E+01 -0.1171E+01 -0.1248E+01 -0.1307E+01 -0.1391E+01 -0.1370E+01 -0.1382E+01 -0.1500E+01 -0.1545E+01
-0.4250E+00 -0.1139E+01 -0.1254E+01 -0.1385E+01 -0.1424E+01 -0.1477E+01 -0.1580E+01 -0.1617E+01 -0.1630E+01 -0.1736E+01 -0.1682E+01 -0.1663E+01
-0.3750E+00 -0.1399E+01 -0.1503E+01 -0.1631E+01 -0.1716E+01 -0.1775E+01 -0.1887E+01 -0.1905E+01 -0.1992E+01 -0.1996E+01 -0.2107E+01 -0.2209E+01
-0.3250E+00 -0.1721E+01 -0.1870E+01 -0.1920E+01 -0.2074E+01 -0.2199E+01 -0.2289E+01 -0.2245E+01 -0.2282E+01 -0.2338E+01 -0.2289E+01 -0.2394E+01
-0.2750E+00 -0.2138E+01 -0.2163E+01 -0.2347E+01 -0.2475E+01 -0.2454E+01 -0.2508E+01 -0.2786E+01 -0.2690E+01 -0.2672E+01 -0.2883E+01 -0.2707E+01
-0.2250E+00 -0.2397E+01 -0.2514E+01 -0.2660E+01 -0.2882E+01 -0.2859E+01 -0.3058E+01 -0.3438E+01 -0.3096E+01 -0.3234E+01 -0.2690E+01 -0.1035E+03
-0.1750E+00 -0.2957E+01 -0.3041E+01 -0.3409E+01 -0.3886E+01 -0.3710E+01 -0.3585E+01 -0.3585E+01 -0.3488E+01 -0.3710E+01 -0.1036E+03 -0.3585E+01
-0.1250E+00 -0.3936E+01 -0.3936E+01 -0.4237E+01 -0.4237E+01 -0.3760E+01 -0.4237E+01 -0.1042E+03 -0.4237E+01 -0.4237E+01 -0.1036E+03 -0.1036E+03
-0.7500E-01 -0.1043E+03 -0.1043E+03 -0.1043E+03 -0.1043E+03 -0.1043E+03 -0.1043E+03 -0.4287E+01 -0.4287E+01 -0.1043E+03 -0.1037E+03 -0.1037E+03
-0.2500E-01 -0.1043E+03 -0.1043E+03 -0.1043E+03 -0.1043E+03 -0.1043E+03 -0.1043E+03 -0.1043E+03 -0.1043E+03 -0.1043E+03 -0.1037E+03 -0.1037E+03
