#AMS02pre(0000/00)
1.0870088989	2.2561863173	0.1910480349
1.3188167847	3.2387190684	0.1910480349
1.5601806739	4.1666666666	0.1910480349
1.8147665889	5.3129548762	0.1910480349
2.1112055637	6.0225618631	0.1910480349
2.4149253173	6.8959243085	0.1910480349
2.7392304038	7.7147016011	0.1910480349
3.1069728335	8.6426491994	0.1910480349
3.4654981151	9.3522561863	0.1910480349
3.8979794111	10.134643376	0.1910480349
4.3119922487	10.389374090	0.1910480349
4.7296987968	10.826055312	0.1910480349
5.2319221196	11.153566229	0.1910480349
5.7230226282	11.426491994	0.1910480349
6.2427297240	11.626637554	0.2183406113
6.8282505101	12.099708879	0.1910480348
7.4487341175	12.136098981	0.1910480349
8.1022994224	12.390829694	0.1637554584
8.8140737933	12.354439592	0.1910480348
9.5344957706	12.409024745	0.1910480349
10.256099542	12.409024745	0.1910480349
11.093910440	12.590975254	0.1910480349
11.933682166	12.554585152	0.1637554585
12.764103887	12.791120815	0.1910480349
13.653817468	12.700145560	0.1910480349
14.607337927	12.245269286	0.1910480349
15.624384068	12.372634643	0.1910480348
16.570915271	12.718340611	0.3275109170
17.675897217	12.718340611	0.3275109170
18.802476445	12.554585152	0.3275109170
19.939582749	13.191411935	0.3548034934
21.153102882	12.754730713	0.3548034934
22.246210502	13.136826783	0.3820960698
23.598231866	12.936681222	0.3820960699
25.029815451	13.045851528	0.3820960698
26.551499485	12.791120815	0.4093886463
27.923232427	13.209606986	0.4366812226
29.617010148	13.336972343	0.4639737991
31.154560831	13.045851528	0.4366812227
32.770727894	12.863901018	0.4912663755
34.760463670	12.827510917	0.5458515284
36.556969156	13.191411935	0.5458515284
38.547131589	14.137554585	0.5458515283
41.467038879	13.955604075	0.5185589519
45.113170581	13.700873362	0.5458515283
48.654122033	14.319505094	0.6277292576
52.928310914	14.283114992	0.6823144104
57.069386599	15.593158660	0.7914847161
61.571795617	15.101892285	0.8460698689
66.411101943	15.429403202	0.9279475982
71.428328367	15.847889374	1.0098253274
77.295700765	14.737991266	1.0371179039
82.663791789	15.356622998	1.1189956332
89.131351952	16.666666666	1.2281659388
96.128487121	17.248908296	1.3100436681
107.28551628	16.175400291	1.1189956332
122.75203815	16.266375545	1.3100436681
141.63046233	16.466521106	1.5556768558
161.91523785	18.995633187	1.9650655021
188.33611790	20.141921397	2.1288209607
230.47217445	20.596797671	2.6473799127
286.74882250	21.834061135	3.7117903929
#AMS02pre-enlarge(0000/00)
1.0870088989 	 2.2561863173 	 0.191048
1.3188167847 	 3.2387190684 	 0.191048
1.5601806739 	 4.1666666666 	 0.191048
1.8147665889 	 5.3129548762 	 0.212518
2.1112055637 	 6.0225618631 	 0.240902
2.4149253173 	 6.8959243085 	 0.275837
2.7392304038 	 7.7147016011 	 0.308588
3.1069728335 	 8.6426491994 	 0.345706
3.4654981151 	 9.3522561863 	 0.37409
3.8979794111 	 10.134643376 	 0.405386
4.3119922487 	 10.389374090 	 0.415575
4.7296987968 	 10.826055312 	 0.433042
5.2319221196 	 11.153566229 	 0.446143
5.7230226282 	 11.426491994 	 0.45706
6.2427297240 	 11.626637554 	 0.465066
6.8282505101 	 12.099708879 	 0.483988
7.4487341175 	 12.136098981 	 0.485444
8.1022994224 	 12.390829694 	 0.495633
8.8140737933 	 12.354439592 	 0.494178
9.5344957706 	 12.409024745 	 0.496361
10.256099542 	 12.409024745 	 0.496361
11.093910440 	 12.590975254 	 0.503639
11.933682166 	 12.554585152 	 0.502183
12.764103887 	 12.791120815 	 0.511645
13.653817468 	 12.700145560 	 0.508006
14.607337927 	 12.245269286 	 0.489811
15.624384068 	 12.372634643 	 0.494905
16.570915271 	 12.718340611 	 0.508734
17.675897217 	 12.718340611 	 0.508734
18.802476445 	 12.554585152 	 0.502183
19.939582749 	 13.191411935 	 0.527656
21.153102882 	 12.754730713 	 0.510189
22.246210502 	 13.136826783 	 0.525473
23.598231866 	 12.936681222 	 0.517467
25.029815451 	 13.045851528 	 0.521834
26.551499485 	 12.791120815 	 0.511645
27.923232427 	 13.209606986 	 0.528384
29.617010148 	 13.336972343 	 0.533479
31.154560831 	 13.045851528 	 0.521834
32.770727894 	 12.863901018 	 0.514556
34.760463670 	 12.827510917 	 0.545852
36.556969156 	 13.191411935 	 0.545852
38.547131589 	 14.137554585 	 0.565502
41.467038879 	 13.955604075 	 0.558224
45.113170581 	 13.700873362 	 0.548035
48.654122033 	 14.319505094 	 0.627729
52.928310914 	 14.283114992 	 0.682314
57.069386599 	 15.593158660 	 0.791485
61.571795617 	 15.101892285 	 0.84607
66.411101943 	 15.429403202 	 0.927948
71.428328367 	 15.847889374 	 1.00983
77.295700765 	 14.737991266 	 1.03712
82.663791789 	 15.356622998 	 1.119
89.131351952 	 16.666666666 	 1.22817
96.128487121 	 17.248908296 	 1.31004
107.28551628 	 16.175400291 	 1.119
122.75203815 	 16.266375545 	 1.31004
141.63046233 	 16.466521106 	 1.55568
161.91523785 	 18.995633187 	 1.96507
188.33611790 	 20.141921397 	 2.12882
230.47217445 	 20.596797671 	 2.64738
286.74882250 	 21.834061135 	 3.71179
#AMS02pre5GV-enlarge(0000/00)
5.2319221196 	 11.153566229 	 0.446143
5.7230226282 	 11.426491994 	 0.45706
6.2427297240 	 11.626637554 	 0.465066
6.8282505101 	 12.099708879 	 0.483988
7.4487341175 	 12.136098981 	 0.485444
8.1022994224 	 12.390829694 	 0.495633
8.8140737933 	 12.354439592 	 0.494178
9.5344957706 	 12.409024745 	 0.496361
10.256099542 	 12.409024745 	 0.496361
11.093910440 	 12.590975254 	 0.503639
11.933682166 	 12.554585152 	 0.502183
12.764103887 	 12.791120815 	 0.511645
13.653817468 	 12.700145560 	 0.508006
14.607337927 	 12.245269286 	 0.489811
15.624384068 	 12.372634643 	 0.494905
16.570915271 	 12.718340611 	 0.508734
17.675897217 	 12.718340611 	 0.508734
18.802476445 	 12.554585152 	 0.502183
19.939582749 	 13.191411935 	 0.527656
21.153102882 	 12.754730713 	 0.510189
22.246210502 	 13.136826783 	 0.525473
23.598231866 	 12.936681222 	 0.517467
25.029815451 	 13.045851528 	 0.521834
26.551499485 	 12.791120815 	 0.511645
27.923232427 	 13.209606986 	 0.528384
29.617010148 	 13.336972343 	 0.533479
31.154560831 	 13.045851528 	 0.521834
32.770727894 	 12.863901018 	 0.514556
34.760463670 	 12.827510917 	 0.545852
36.556969156 	 13.191411935 	 0.545852
38.547131589 	 14.137554585 	 0.565502
41.467038879 	 13.955604075 	 0.558224
45.113170581 	 13.700873362 	 0.548035
48.654122033 	 14.319505094 	 0.627729
52.928310914 	 14.283114992 	 0.682314
57.069386599 	 15.593158660 	 0.791485
61.571795617 	 15.101892285 	 0.84607
66.411101943 	 15.429403202 	 0.927948
71.428328367 	 15.847889374 	 1.00983
77.295700765 	 14.737991266 	 1.03712
82.663791789 	 15.356622998 	 1.119
89.131351952 	 16.666666666 	 1.22817
96.128487121 	 17.248908296 	 1.31004
107.28551628 	 16.175400291 	 1.119
122.75203815 	 16.266375545 	 1.31004
141.63046233 	 16.466521106 	 1.55568
161.91523785 	 18.995633187 	 1.96507
188.33611790 	 20.141921397 	 2.12882
230.47217445 	 20.596797671 	 2.64738
286.74882250 	 21.834061135 	 3.71179
#AMS02pre10GV-enlarge(0000/00)
10.256099542 	 12.409024745 	 0.496361
11.093910440 	 12.590975254 	 0.503639
11.933682166 	 12.554585152 	 0.502183
12.764103887 	 12.791120815 	 0.511645
13.653817468 	 12.700145560 	 0.508006
14.607337927 	 12.245269286 	 0.489811
15.624384068 	 12.372634643 	 0.494905
16.570915271 	 12.718340611 	 0.508734
17.675897217 	 12.718340611 	 0.508734
18.802476445 	 12.554585152 	 0.502183
19.939582749 	 13.191411935 	 0.527656
21.153102882 	 12.754730713 	 0.510189
22.246210502 	 13.136826783 	 0.525473
23.598231866 	 12.936681222 	 0.517467
25.029815451 	 13.045851528 	 0.521834
26.551499485 	 12.791120815 	 0.511645
27.923232427 	 13.209606986 	 0.528384
29.617010148 	 13.336972343 	 0.533479
31.154560831 	 13.045851528 	 0.521834
32.770727894 	 12.863901018 	 0.514556
34.760463670 	 12.827510917 	 0.545852
36.556969156 	 13.191411935 	 0.545852
38.547131589 	 14.137554585 	 0.565502
41.467038879 	 13.955604075 	 0.558224
45.113170581 	 13.700873362 	 0.548035
48.654122033 	 14.319505094 	 0.627729
52.928310914 	 14.283114992 	 0.682314
57.069386599 	 15.593158660 	 0.791485
61.571795617 	 15.101892285 	 0.84607
66.411101943 	 15.429403202 	 0.927948
71.428328367 	 15.847889374 	 1.00983
77.295700765 	 14.737991266 	 1.03712
82.663791789 	 15.356622998 	 1.119
89.131351952 	 16.666666666 	 1.22817
96.128487121 	 17.248908296 	 1.31004
107.28551628 	 16.175400291 	 1.119
122.75203815 	 16.266375545 	 1.31004
141.63046233 	 16.466521106 	 1.55568
161.91523785 	 18.995633187 	 1.96507
188.33611790 	 20.141921397 	 2.12882
230.47217445 	 20.596797671 	 2.64738
286.74882250 	 21.834061135 	 3.71179
#AMS2014nonformal(0000/00)
0.56846 0.206856 0.0742488
0.728432 0.867531 0.0724292
0.908413 1.35573 0.099591
1.1084 2.04165 0.138879
1.33283 2.7552 0.172216
1.58291 3.67862 0.211122
1.85297 4.52765 0.240491
2.14756 5.54024 0.273159
2.47223 6.46249 0.29631
2.81777 7.27747 0.311878
3.1732 8.36488 0.33715
3.53856 9.08418 0.346966
3.91854 9.7883 0.356023
4.32321 10.1383 0.353001
4.7626 10.6228 0.355637
5.23737 10.9355 0.354509
5.73745 11.0956 0.350257
6.26225 11.4029 0.351784
6.81233 11.5973 0.351981
7.38715 11.6519 0.349753
7.98724 11.7077 0.349494
8.61683 11.9984 0.356832
9.27694 12.0298 0.35876
9.96181 12.0297 0.361252
10.6719 12.0295 0.364929
11.4116 12.2577 0.374278
12.1865 12.2358 0.377344
12.9914 12.2788 0.382866
13.8215 11.9129 0.378465
14.686 12.1149 0.388025
15.5861 12.2589 0.398737
16.5159 12.0665 0.39828
17.4808 12.4092 0.414783
18.4758 12.2049 0.416203
19.5056 12.5616 0.43245
20.5754 12.4165 0.436092
21.6804 11.9256 0.429378
22.825 12.4662 0.452735
24.01 12.5433 0.462564
25.2492 12.5326 0.468227
26.5636 12.3224 0.466955
27.9528 13.1809 0.501368
29.4317 12.9863 0.503987
31.0011 12.4344 0.501188
32.6601 12.6299 0.518081
34.4288 13.0305 0.542736
36.3176 13.1403 0.557283
38.3312 13.4092 0.586184
40.4797 13.7433 0.61173
42.7828 13.9585 0.636231
45.2607 15.1926 0.695313
47.9235 13.5373 0.667461
50.8005 13.7179 0.695461
53.9224 15.0316 0.768505
57.3184 14.7583 0.790984
61.0337 14.2747 0.804506
65.1131 15.0551 0.852897
69.621 16.693 0.968506
74.6469 16.2051 0.981595
80.2906 14.9101 0.983864
86.6854 17.0995 1.10798
94.0247 17.3207 1.18566
102.571 16.5954 1.19412
112.699 17.8375 1.33629
125.016 16.7652 1.35999
140.129 16.9674 1.49382
158.871 20.2148 1.82447
183.072 20.1879 1.9251
216.229 18.4907 2.06737
261.812 18.6102 2.73699
326.76 22.2323 3.80497
428.501 17.2316 4.45149
588.837 13.5046 6.91429
832.26 21.1457 33.7839
#AMS20141GV(0000/00)
1.11 2.11983 0.139471
1.33 3.15253 0.189676
1.58 4.18097 0.201121
1.85 5.07163 0.242675
2.15 6.15185 0.2811
2.47 6.91677 0.289863
2.82 7.69204 0.317147
3.17 8.85569 0.356149
3.54 9.40472 0.357657
3.92 9.87875 0.366403
4.32 10.3196 0.332412
4.76 10.634 0.353282
5.24 11.1649 0.352721
5.74 11.2337 0.348719
6.26 11.5052 0.357183
6.81 11.8117 0.360093
7.39 11.8654 0.372085
7.99 11.9359 0.371346
8.62 12.2336 0.344922
9.28 11.9877 0.357404
9.96 12.3506 0.407383
10.7 12.3729 0.387393
11.4 12.2968 0.344598
12.2 12.3659 0.349286
13.0 12.6547 0.354255
13.8 12.0891 0.342659
14.7 12.1978 0.343595
15.6 12.6421 0.358153
16.5 12.6229 0.386427
17.5 12.7017 0.38647
18.5 12.7266 0.405422
19.5 12.9019 0.370744
20.6 12.5882 0.437091
21.7 12.4663 0.433526
22.8 12.445 0.427342
24.0 12.8978 0.439986
25.2 12.6104 0.441462
26.6 12.4784 0.452489
28.0 13.0395 0.481445
29.4 13.2143 0.4855
31.0 12.8995 0.484962
32.7 13.1471 0.519805
34.4 13.0264 0.521309
36.3 12.8668 0.545373
38.3 13.6522 0.597219
40.5 14.0168 0.612455
42.8 13.3285 0.612345
45.3 14.5017 0.670342
47.9 13.4081 0.640834
50.8 14.1584 0.764417
53.9 14.6726 0.781858
57.3 14.204 0.793731
61.0 14.8219 0.844723
65.1 14.9259 0.889732
69.6 16.1159 0.966049
74.6 16.1498 1.00414
80.3 14.9121 0.995974
86.7 17.9873 1.19639
94.0 17.2761 1.22634
103 16.7187 1.27433
113 16.5933 1.29057
125 16.7188 1.44121
140 17.0402 1.60799
159 21.0229 2.01345
183 19.5499 2.14059
216 20.9616 2.52748
262 21.7615 3.30646
327 21.5739 4.40125
429 19.5015 6.01966
