5.03128e-01 2.87523e+03
5.41746e-01 5.89477e+02
5.76190e-01 4.25432e+02
6.12850e-01 3.53942e+02
6.59917e-01 3.08940e+02
6.93286e-01 2.75817e+02
7.10598e-01 2.60391e+02
7.46531e-01 2.34676e+02
7.74683e-01 2.11890e+02
7.94061e-01 2.03054e+02
8.24006e-01 1.84097e+02
8.65708e-01 1.64822e+02
8.98355e-01 1.52196e+02
9.43821e-01 1.36246e+02
9.91587e-01 1.22938e+02
1.05476e+00 1.08855e+02
1.10819e+00 9.73067e+01
1.15003e+00 8.98833e+01
1.19345e+00 8.33833e+01
1.25390e+00 7.55903e+01
1.30124e+00 6.86515e+01
1.35036e+00 6.30448e+01
1.40135e+00 5.81144e+01
1.47239e+00 5.20055e+01
1.54703e+00 4.57808e+01
1.62546e+00 4.01763e+01
1.72910e+00 3.43094e+01
1.81676e+00 3.03560e+01
1.90886e+00 2.68888e+01
2.00571e+00 2.33451e+01
2.10740e+00 2.03331e+01
2.21432e+00 1.78287e+01
2.32658e+00 1.56234e+01
2.44463e+00 1.36194e+01
2.53714e+00 1.22269e+01
2.69912e+00 1.02770e+01
2.80114e+00 9.33910e+00
2.87132e+00 8.71961e+00
2.97997e+00 7.79749e+00
3.13117e+00 6.68734e+00
3.24966e+00 6.02121e+00
3.37262e+00 5.44676e+00
3.50024e+00 4.86508e+00
3.67784e+00 4.22670e+00
3.81701e+00 3.77712e+00
4.01069e+00 3.25817e+00
4.21436e+00 2.84479e+00
4.48342e+00 2.39657e+00
4.71111e+00 2.06557e+00
4.95015e+00 1.79992e+00
5.26640e+00 1.50368e+00
5.53385e+00 1.31434e+00
5.81487e+00 1.13155e+00
6.11017e+00 9.78406e-01
6.42046e+00 8.46770e-01
6.66341e+00 7.60262e-01
6.91555e+00 6.82913e-01
7.08912e+00 6.37928e-01
