2.00000e-03 1.08211e+04 1.38840e+01
2.40000e-03 1.34010e+04 1.66403e+01
2.88000e-03 1.42645e+04 1.99388e+01
3.45600e-03 1.47427e+04 2.38842e+01
4.14720e-03 1.51375e+04 2.86002e+01
4.97664e-03 1.55221e+04 3.42329e+01
5.97197e-03 1.59140e+04 4.09543e+01
7.16636e-03 1.63150e+04 4.89658e+01
8.59963e-03 1.67206e+04 5.85022e+01
1.03196e-02 1.71230e+04 6.98356e+01
1.23835e-02 1.75112e+04 8.32789e+01
1.48602e-02 1.78716e+04 9.91883e+01
1.78322e-02 1.81880e+04 1.17965e+02
2.13986e-02 1.84428e+04 1.40052e+02
2.56784e-02 1.86177e+04 1.65933e+02
3.08140e-02 1.86959e+04 1.96117e+02
3.69769e-02 1.86628e+04 2.31127e+02
4.43722e-02 1.85068e+04 2.71464e+02
5.32467e-02 1.82230e+04 3.17577e+02
6.38960e-02 1.78091e+04 3.69649e+02
7.66752e-02 1.72664e+04 4.27161e+02
9.20102e-02 1.66017e+04 4.90361e+02
1.10412e-01 1.58265e+04 5.58643e+02
1.32495e-01 1.49551e+04 6.30941e+02
1.58994e-01 1.40025e+04 7.05652e+02
1.90792e-01 1.29847e+04 7.80614e+02
2.28951e-01 1.19171e+04 8.49401e+02
2.74741e-01 1.08137e+04 9.10377e+02
3.29689e-01 9.68659e+03 9.61071e+02
3.95627e-01 8.55324e+03 9.93992e+02
4.74753e-01 7.42718e+03 1.00527e+03
5.69703e-01 6.32240e+03 9.96773e+02
6.83644e-01 5.26133e+03 9.58548e+02
8.20373e-01 4.28222e+03 9.01192e+02
9.84447e-01 3.41015e+03 8.19628e+02
1.18134e+00 2.65093e+03 7.24083e+02
1.41760e+00 2.00769e+03 6.21298e+02
1.70112e+00 1.47978e+03 5.13097e+02
2.04135e+00 1.06121e+03 4.11013e+02
2.44962e+00 7.41094e+02 3.19280e+02
2.93954e+00 5.04943e+02 2.40715e+02
3.52745e+00 3.36766e+02 1.76288e+02
4.23294e+00 2.20845e+02 1.26156e+02
5.07953e+00 1.43192e+02 8.86744e+01
6.09544e+00 9.23363e+01 6.14898e+01
7.31452e+00 5.94997e+01 4.21725e+01
8.77743e+00 3.83119e+01 2.83667e+01
1.05329e+01 2.40218e+01 1.85400e+01
1.26395e+01 1.47864e+01 1.18575e+01
1.51674e+01 9.00342e+00 7.46955e+00
1.82009e+01 5.44877e+00 4.65602e+00
2.18411e+01 3.28807e+00 2.88172e+00
2.62093e+01 1.98248e+00 1.77519e+00
3.14511e+01 1.19556e+00 1.09010e+00
3.77413e+01 7.21451e-01 6.67876e-01
4.52896e+01 4.35644e-01 4.08453e-01
5.43475e+01 2.63210e-01 2.49420e-01
6.52170e+01 1.59096e-01 1.52108e-01
7.82604e+01 9.61977e-02 9.26583e-02
9.39125e+01 5.81814e-02 5.63897e-02
1.12695e+02 3.51942e-02 3.42877e-02
1.35234e+02 2.12920e-02 2.08336e-02
1.62281e+02 1.28830e-02 1.26513e-02
1.94737e+02 7.79601e-03 7.67891e-03
2.33684e+02 4.71826e-03 4.65911e-03
2.80421e+02 2.85636e-03 2.82649e-03
3.36506e+02 1.72966e-03 1.71457e-03
4.03807e+02 1.04746e-03 1.03984e-03
4.84568e+02 6.34291e-04 6.30439e-04
5.81482e+02 3.84063e-04 3.82118e-04
6.97778e+02 2.32540e-04 2.31558e-04
8.37333e+02 1.40790e-04 1.40295e-04
1.00480e+03 8.52375e-05 8.49872e-05
1.20576e+03 5.16045e-05 5.14782e-05
1.44691e+03 3.12424e-05 3.11786e-05
1.73629e+03 1.89151e-05 1.88829e-05
2.08355e+03 1.14521e-05 1.14359e-05
2.50026e+03 6.93397e-06 6.92578e-06
3.00032e+03 4.19852e-06 4.19439e-06
3.60038e+03 2.54232e-06 2.54023e-06
4.32046e+03 1.53950e-06 1.53845e-06
5.18455e+03 9.32273e-07 9.31742e-07
6.22146e+03 5.64568e-07 5.64300e-07
7.46575e+03 3.41898e-07 3.41763e-07
8.95890e+03 2.07060e-07 2.06991e-07
1.07507e+04 1.25448e-07 1.25414e-07
1.29008e+04 7.60160e-08 7.59986e-08
1.54810e+04 4.60582e-08 4.60494e-08
1.85772e+04 2.79023e-08 2.78978e-08
2.22926e+04 1.69006e-08 1.68983e-08
2.67511e+04 1.02360e-08 1.02348e-08
3.21014e+04 6.19884e-09 6.19827e-09
3.85216e+04 3.75366e-09 3.75337e-09
4.62260e+04 2.27282e-09 2.27267e-09
5.54711e+04 1.37610e-09 1.37603e-09
6.65654e+04 8.33134e-10 8.33097e-10
7.98784e+04 5.04381e-10 5.04362e-10
9.58541e+04 3.05331e-10 3.05322e-10
1.15025e+05 1.84744e-10 1.84739e-10
