5.03128e-01 3.60973e+00
5.41746e-01 3.63740e+00
5.76190e-01 3.65043e+00
6.12850e-01 3.65500e+00
6.59917e-01 3.65664e+00
6.93286e-01 3.64977e+00
7.10598e-01 3.64390e+00
7.46531e-01 3.62652e+00
7.74683e-01 3.60910e+00
7.94061e-01 3.59541e+00
8.24006e-01 3.57182e+00
8.65708e-01 3.52858e+00
8.98355e-01 3.49161e+00
9.43821e-01 3.43680e+00
9.91587e-01 3.36756e+00
1.05476e+00 3.27495e+00
1.10819e+00 3.19950e+00
1.15003e+00 3.13962e+00
1.19345e+00 3.07709e+00
1.25390e+00 3.00365e+00
1.30124e+00 2.94678e+00
1.35036e+00 2.87790e+00
1.40135e+00 2.80026e+00
1.47239e+00 2.68816e+00
1.54703e+00 2.56909e+00
1.62546e+00 2.44874e+00
1.72910e+00 2.31812e+00
1.81676e+00 2.21958e+00
1.90886e+00 2.11455e+00
2.00571e+00 1.99880e+00
2.10740e+00 1.89513e+00
2.21432e+00 1.78943e+00
2.32658e+00 1.67987e+00
2.44463e+00 1.57509e+00
2.53714e+00 1.50094e+00
2.69912e+00 1.39085e+00
2.80114e+00 1.32581e+00
2.87132e+00 1.28318e+00
2.97997e+00 1.22055e+00
3.13117e+00 1.13127e+00
3.24966e+00 1.06881e+00
3.37262e+00 1.01243e+00
3.50024e+00 9.56749e-01
3.67784e+00 8.83407e-01
3.81701e+00 8.32462e-01
4.01069e+00 7.71075e-01
4.21436e+00 7.05856e-01
4.48342e+00 6.30865e-01
4.71111e+00 5.76265e-01
4.95015e+00 5.25698e-01
5.26640e+00 4.67833e-01
5.53385e+00 4.26475e-01
5.81487e+00 3.89317e-01
6.11017e+00 3.54821e-01
6.42046e+00 3.22873e-01
6.66341e+00 3.00516e-01
6.91555e+00 2.79471e-01
7.08912e+00 2.66128e-01
