5.03128e-01 4.15994e+00
5.41746e-01 4.09084e+00
5.76190e-01 4.02749e+00
6.12850e-01 3.95909e+00
6.59917e-01 3.87080e+00
6.93286e-01 3.80703e+00
7.10598e-01 3.77355e+00
7.46531e-01 3.70481e+00
7.74683e-01 3.65081e+00
7.94061e-01 3.61359e+00
8.24006e-01 3.55659e+00
8.65708e-01 3.47814e+00
8.98355e-01 3.41709e+00
9.43821e-01 3.33338e+00
9.91587e-01 3.24688e+00
1.05476e+00 3.13528e+00
1.10819e+00 3.04309e+00
1.15003e+00 2.97245e+00
1.19345e+00 2.90079e+00
1.25390e+00 2.80394e+00
1.30124e+00 2.73036e+00
1.35036e+00 2.65620e+00
1.40135e+00 2.58156e+00
1.47239e+00 2.48146e+00
1.54703e+00 2.38111e+00
1.62546e+00 2.28087e+00
1.72910e+00 2.15606e+00
1.81676e+00 2.05744e+00
1.90886e+00 1.96012e+00
2.00571e+00 1.86440e+00
2.10740e+00 1.77075e+00
2.21432e+00 1.67937e+00
2.32658e+00 1.59071e+00
2.44463e+00 1.50491e+00
2.53714e+00 1.44296e+00
2.69912e+00 1.34267e+00
2.80114e+00 1.28604e+00
2.87132e+00 1.24966e+00
2.97997e+00 1.19638e+00
3.13117e+00 1.12816e+00
3.24966e+00 1.07998e+00
3.37262e+00 1.03404e+00
3.50024e+00 9.90375e-01
3.67784e+00 9.35231e-01
3.81701e+00 8.97098e-01
4.01069e+00 8.49484e-01
4.21436e+00 8.06353e-01
4.48342e+00 7.58261e-01
4.71111e+00 7.25899e-01
4.95015e+00 6.98489e-01
5.26640e+00 6.70418e-01
5.53385e+00 6.54310e-01
5.81487e+00 6.42954e-01
6.11017e+00 6.35871e-01
6.42046e+00 6.32273e-01
6.66341e+00 6.31375e-01
6.91555e+00 6.31124e-01
7.08912e+00 6.31118e-01
