1.08701e+00 9.09473e-01
1.31882e+00 7.49850e-01
1.56018e+00 6.11133e-01
1.81477e+00 4.93299e-01
2.11121e+00 3.85294e-01
2.41493e+00 3.07357e-01
2.73923e+00 2.45268e-01
3.10697e+00 1.92675e-01
3.46550e+00 1.53936e-01
3.89798e+00 1.18441e-01
4.31199e+00 9.32597e-02
4.72970e+00 7.50252e-02
5.23192e+00 5.84648e-02
5.72302e+00 4.67556e-02
6.24273e+00 3.76106e-02
6.82825e+00 2.99854e-02
7.44873e+00 2.37046e-02
8.10230e+00 1.89152e-02
8.81407e+00 1.49104e-02
9.53450e+00 1.19775e-02
1.02561e+01 9.78198e-03
1.10939e+01 7.88172e-03
1.19337e+01 6.40822e-03
1.27641e+01 5.31412e-03
1.36538e+01 4.32151e-03
1.46073e+01 3.49558e-03
1.56244e+01 2.91706e-03
1.65709e+01 2.50137e-03
1.76759e+01 2.07231e-03
1.88025e+01 1.73622e-03
1.99396e+01 1.50048e-03
2.11531e+01 1.24325e-03
2.22462e+01 1.09035e-03
2.35982e+01 9.08925e-04
2.50298e+01 7.67143e-04
2.65515e+01 6.41087e-04
2.79232e+01 5.66034e-04
2.96170e+01 4.76374e-04
3.11546e+01 4.02845e-04
3.27707e+01 3.43911e-04
3.47605e+01 2.90727e-04
3.65570e+01 2.59276e-04
3.85471e+01 2.33557e-04
4.14670e+01 1.85940e-04
4.51132e+01 1.43272e-04
4.86541e+01 1.19074e-04
5.29283e+01 9.33791e-05
5.70694e+01 8.04269e-05
6.15718e+01 6.24928e-05
6.64111e+01 5.09766e-05
7.14283e+01 4.18349e-05
7.72957e+01 3.10492e-05
8.26638e+01 2.65534e-05
8.91314e+01 2.29280e-05
9.61285e+01 1.88646e-05
1.07286e+02 1.27876e-05
1.22752e+02 8.60317e-06
1.41630e+02 5.69547e-06
1.61915e+02 4.39414e-06
1.88336e+02 2.96348e-06
2.30472e+02 1.65665e-06
2.86749e+02 9.16948e-07
