0.0104713 1.31211
0.0109648 1.72163
0.0114815 2.25897
0.0120226 2.96402
0.0125893 3.88912
0.0131826 5.10296
0.0138038 6.69564
0.0144544 8.78542
0.0151356 11.5274
0.0158489 15.1253
0.0165959 19.846
0.017378 26.0402
0.018197 34.1676
0.0190546 44.8317
0.0199526 58.8241
0.020893 77.1837
0.0218776 101.273
0.0229087 132.882
0.0239883 174.356
0.0251189 228.774
0.0263027 300.177
0.0275423 393.865
0.0288403 516.794
0.0301995 678.091
0.0316228 889.731
0.0331131 1167.42
0.0346737 1531.79
0.0363078 2009.88
0.0380189 2637.18
0.0398107 3460.27
0.0416869 4540.26
0.0436516 5957.32
0.0457088 7816.66
0.047863 10256.3
0.0501187 13457.4
0.0524807 17657.6
0.0549541 23168.8
0.057544 30400
0.060256 39888.1
0.0630957 52337.6
0.0660693 68672.7
0.0691831 90106.1
0.0724436 118229
0.0758578 155130
0.0794328 203547
0.0831764 267077
0.0870964 350434
0.0912011 459808
0.0954993 603319
0.1 791621
0.104713 1.03869e+06
0.109648 1.36288e+06
0.114815 1.78825e+06
0.120226 2.34638e+06
0.125893 3.07871e+06
0.131826 4.03961e+06
0.138038 5.30041e+06
0.144544 6.95472e+06
0.151356 9.12536e+06
0.158489 1.19735e+07
0.165959 1.57105e+07
0.17378 2.06139e+07
0.18197 2.70478e+07
0.190546 3.54897e+07
0.199526 4.65664e+07
0.20893 6.11002e+07
0.218776 8.01702e+07
0.229087 1.05192e+08
0.239883 1.38024e+08
0.251189 1.81102e+08
0.263027 2.37626e+08
0.275423 3.11792e+08
0.288403 4.09105e+08
0.301995 5.36791e+08
0.316228 7.04329e+08
0.331131 9.24157e+08
0.346737 1.2126e+09
0.363078 1.59106e+09
0.380189 2.08765e+09
0.398107 2.73922e+09
0.416869 3.59416e+09
0.436516 4.71594e+09
0.457088 6.18783e+09
0.47863 8.11912e+09
0.501187 1.06532e+10
0.524807 1.39781e+10
0.549541 1.83409e+10
0.57544 2.40652e+10
0.60256 3.15762e+10
0.630957 4.14315e+10
0.660693 5.43627e+10
0.691831 7.13299e+10
0.724436 9.35927e+10
0.758578 1.22804e+11
0.794328 1.61132e+11
0.831764 2.11423e+11
0.870964 2.77411e+11
0.912011 3.63993e+11
0.954993 4.77599e+11
1 6.26663e+11
1.04713 8.22251e+11
1.09648 1.07888e+12
1.14815 1.41562e+12
1.20226 1.85744e+12
1.25893 2.43717e+12
1.31826 3.19784e+12
1.38038 4.19591e+12
1.44544 5.5055e+12
1.51356 7.22383e+12
1.58489 9.47846e+12
1.65959 1.24368e+13
1.7378 1.63184e+13
1.8197 2.14116e+13
1.90546 2.80943e+13
1.99526 3.68629e+13
2.0893 4.83682e+13
2.18776 6.34644e+13
2.29087 8.32723e+13
2.39883 1.09262e+14
2.51189 1.43364e+14
2.63027 1.8811e+14
2.75423 2.46821e+14
2.88403 3.23856e+14
3.01995 4.24935e+14
3.16228 5.57561e+14
3.31131 7.31582e+14
3.46737 9.59916e+14
3.63078 1.25952e+15
3.80189 1.65262e+15
3.98107 2.16843e+15
4.16869 2.84521e+15
4.36516 3.73323e+15
4.57088 4.89841e+15
4.7863 6.42726e+15
5.01187 8.43327e+15
5.24807 1.10654e+16
5.49541 1.4519e+16
5.7544 1.90505e+16
6.0256 2.49964e+16
6.30957 3.2798e+16
6.60693 4.30346e+16
6.91831 5.64662e+16
7.24436 7.40899e+16
7.58578 9.72141e+16
7.94328 1.27556e+17
8.31764 1.67367e+17
8.70964 2.19604e+17
9.12011 2.88145e+17
9.54993 3.78078e+17
10 4.96079e+17
10.4713 6.50911e+17
10.9648 8.54067e+17
11.4815 1.12063e+18
12.0226 1.47039e+18
12.5893 1.92931e+18
13.1826 2.53147e+18
13.8038 3.32157e+18
14.4544 4.35827e+18
15.1356 5.71853e+18
15.8489 7.50334e+18
16.5959 9.84521e+18
17.378 1.2918e+19
18.197 1.69498e+19
19.0546 2.22401e+19
19.9526 2.91814e+19
20.893 3.82892e+19
21.8776 5.02397e+19
22.9087 6.592e+19
23.9883 8.64943e+19
25.1189 1.1349e+20
26.3027 1.48912e+20
27.5423 1.95388e+20
28.8403 2.56371e+20
30.1995 3.36387e+20
31.6228 4.41377e+20
33.1131 5.79135e+20
34.6737 7.5989e+20
36.3078 9.97059e+20
38.0189 1.30825e+21
39.8107 1.71657e+21
41.6869 2.25233e+21
43.6516 2.9553e+21
45.7088 3.87768e+21
47.863 5.08795e+21
50.1187 6.67595e+21
52.4807 8.75959e+21
54.9541 1.14935e+22
57.544 1.50808e+22
60.256 1.97877e+22
63.0957 2.59636e+22
66.0693 3.40671e+22
69.1831 4.46998e+22
72.4436 5.86511e+22
75.8578 7.69567e+22
79.4328 1.00976e+23
83.1764 1.32491e+23
87.0964 1.73843e+23
91.2011 2.28101e+23
95.4993 2.99294e+23
100 3.92707e+23
0.0104713 2.67256e+15
0.0109648 -2.49748e+15
0.0114815 -5.05878e+15
0.0120226 2.65712e+15
0.0125893 3.65586e+15
0.0131826 -1.52793e+15
0.0138038 -1.61973e+15
0.0144544 5.87744e+14
0.0151356 4.97322e+14
0.0158489 -1.6372e+14
0.0165959 -1.11687e+14
0.017378 3.43665e+13
0.018197 1.89013e+13
0.0190546 -5.56312e+12
0.0199526 -2.41868e+12
0.020893 6.9219e+11
0.0218776 2.61623e+11
0.0229087 -7.42862e+10
0.0239883 2.97879e+09
0.0251189 -3.40946e+09
0.0263027 2.36397e+10
0.0275423 -9.33446e+09
0.0288403 2.39019e+10
0.0301995 -1.04465e+10
0.0316228 2.53987e+10
0.0331131 -1.17088e+10
0.0346737 2.6943e+10
0.0363078 -1.30718e+10
0.0380189 2.85702e+10
0.0398107 -1.44855e+10
0.0416869 3.02828e+10
0.0436516 -1.59516e+10
0.0457088 3.20723e+10
0.047863 -1.74569e+10
0.0501187 3.39303e+10
0.0524807 -1.89865e+10
0.0549541 3.58443e+10
0.057544 -2.05201e+10
0.060256 3.77972e+10
0.0630957 -2.20318e+10
0.0660693 3.97667e+10
0.0691831 -2.34886e+10
0.0724436 4.17244e+10
0.0758578 -2.485e+10
0.0794328 4.3635e+10
0.0831764 -2.60658e+10
0.0870964 4.5455e+10
0.0912011 -2.70757e+10
0.0954993 4.71326e+10
0.1 -2.78078e+10
0.104713 4.86071e+10
0.109648 -2.8178e+10
0.114815 4.9809e+10
0.120226 -2.80897e+10
0.125893 5.06616e+10
0.131826 -2.74349e+10
0.138038 5.10838e+10
0.144544 -2.60966e+10
0.151356 5.09949e+10
0.158489 -2.39529e+10
0.165959 5.03237e+10
0.17378 -2.08869e+10
0.18197 4.9023e+10
0.190546 -1.67985e+10
0.199526 4.70895e+10
0.20893 -1.16247e+10
0.218776 4.45938e+10
0.229087 -5.36637e+09
0.239883 4.17175e+10
0.251189 1.87823e+09
0.263027 3.8798e+10
0.275423 9.88355e+09
0.288403 3.6374e+10
0.301995 1.82889e+10
0.316228 3.51926e+10
0.331131 2.66413e+10
0.346737 3.61226e+10
0.363078 3.46043e+10
0.380189 3.99447e+10
0.398107 4.23826e+10
0.416869 4.67926e+10
0.436516 5.11958e+10
0.457088 5.64647e+10
0.47863 6.24716e+10
0.501187 6.94343e+10
0.524807 7.75165e+10
0.549541 8.6942e+10
0.57544 9.79808e+10
0.60256 1.10967e+11
0.630957 1.26313e+11
0.660693 1.44532e+11
0.691831 1.66266e+11
0.724436 1.92319e+11
0.758578 2.23703e+11
0.794328 2.61699e+11
0.831764 3.07935e+11
0.870964 3.64485e+11
0.912011 4.3401e+11
0.954993 5.1993e+11
1 6.26663e+11
1.04713 7.59937e+11
1.09648 9.27207e+11
1.14815 1.13821e+12
1.20226 1.40571e+12
1.25893 1.7465e+12
1.31826 2.1827e+12
1.38038 2.74361e+12
1.44544 3.46804e+12
1.51356 4.40762e+12
1.58489 5.63107e+12
1.65959 7.23009e+12
1.7378 9.32719e+12
1.8197 1.20863e+13
1.90546 1.57267e+13
1.99526 2.05425e+13
2.0893 2.69275e+13
2.18776 3.54098e+13
2.29087 4.66971e+13
2.39883 6.17376e+13
2.51189 8.18012e+13
2.63027 1.08588e+14
2.75423 1.44372e+14
2.88403 1.92192e+14
3.01995 2.56109e+14
3.16228 3.41539e+14
3.31131 4.55704e+14
3.46737 6.08227e+14
3.63078 8.11914e+14
3.80189 1.0838e+15
3.98107 1.44652e+15
4.16869 1.93015e+15
4.36516 2.57458e+15
4.57088 3.43275e+15
4.7863 4.57482e+15
5.01187 6.09374e+15
5.24807 8.11263e+15
5.49541 1.07944e+16
5.7544 1.43548e+16
6.0256 1.90788e+16
6.30957 2.53435e+16
6.60693 3.36472e+16
6.91831 4.46482e+16
7.24436 5.92158e+16
7.58578 7.84983e+16
7.94328 1.04011e+17
8.31764 1.37753e+17
8.70964 1.82363e+17
9.12011 2.4132e+17
9.54993 3.19213e+17
10 4.2209e+17
10.4713 5.57924e+17
10.9648 7.37219e+17
11.4815 9.73818e+17
12.0226 1.28595e+18
12.5893 1.69763e+18
13.1826 2.24048e+18
13.8038 2.95613e+18
14.4544 3.89936e+18
15.1356 5.14231e+18
15.8489 6.7799e+18
16.5959 8.937e+18
17.378 1.17779e+19
18.197 1.55188e+19
19.0546 2.0444e+19
19.9526 2.69274e+19
20.893 3.54606e+19
21.8776 4.66902e+19
22.9087 6.14663e+19
23.9883 8.09064e+19
25.1189 1.06479e+20
26.3027 1.40116e+20
27.5423 1.84355e+20
28.8403 2.42531e+20
30.1995 3.19027e+20
31.6228 4.19602e+20
33.1131 5.51825e+20
34.6737 7.25637e+20
36.3078 9.54102e+20
38.0189 1.25438e+21
39.8107 1.64901e+21
41.6869 2.16761e+21
43.6516 2.84908e+21
45.7088 3.74449e+21
47.863 4.92094e+21
50.1187 6.46654e+21
52.4807 8.49703e+21
54.9541 1.11644e+22
57.544 1.46681e+22
60.256 1.92703e+22
63.0957 2.53149e+22
66.0693 3.32539e+22
69.1831 4.36804e+22
72.4436 5.73731e+22
75.8578 7.53547e+22
79.4328 9.89675e+22
83.1764 1.29974e+23
87.0964 1.70689e+23
91.2011 2.24056e+23
95.4993 3.00075e+23
100 3.92707e+23
