0.0104713 1.30787e+22
0.0109648 1.20708e+22
0.0114815 2.9003e+22
0.0120226 3.09512e+22
0.0125893 4.11005e+22
0.0131826 4.69754e+22
0.0138038 5.40279e+22
0.0144544 6.03042e+22
0.0151356 6.64216e+22
0.0158489 7.22341e+22
0.0165959 7.77903e+22
0.017378 8.30949e+22
0.018197 8.81605e+22
0.0190546 9.29976e+22
0.0199526 9.76166e+22
0.020893 1.02027e+23
0.0218776 1.06239e+23
0.0229087 1.10261e+23
0.0239883 1.14101e+23
0.0251189 1.17769e+23
0.0263027 1.21271e+23
0.0275423 1.24615e+23
0.0288403 1.27808e+23
0.0301995 1.30858e+23
0.0316228 1.3377e+23
0.0331131 1.36551e+23
0.0346737 1.39206e+23
0.0363078 1.41742e+23
0.0380189 1.44164e+23
0.0398107 1.46476e+23
0.0416869 1.48685e+23
0.0436516 1.50794e+23
0.0457088 1.52808e+23
0.047863 1.54731e+23
0.0501187 1.56568e+23
0.0524807 1.58323e+23
0.0549541 1.59998e+23
0.057544 1.61599e+23
0.060256 1.63128e+23
0.0630957 1.64588e+23
0.0660693 1.65983e+23
0.0691831 1.67315e+23
0.0724436 1.68588e+23
0.0758578 1.69805e+23
0.0794328 1.70967e+23
0.0831764 1.72077e+23
0.0870964 1.73139e+23
0.0912011 1.74153e+23
0.0954993 1.75123e+23
0.1 1.76051e+23
0.104713 1.76938e+23
0.109648 1.77786e+23
0.114815 1.78598e+23
0.120226 1.79375e+23
0.125893 1.80119e+23
0.131826 1.80831e+23
0.138038 1.81514e+23
0.144544 1.82169e+23
0.151356 1.82797e+23
0.158489 1.834e+23
0.165959 1.8398e+23
0.17378 1.84537e+23
0.18197 1.85074e+23
0.190546 1.85591e+23
0.199526 1.8609e+23
0.20893 1.86572e+23
0.218776 1.87039e+23
0.229087 1.87492e+23
0.239883 1.87932e+23
0.251189 1.88361e+23
0.263027 1.8878e+23
0.275423 1.8919e+23
0.288403 1.89593e+23
0.301995 1.89991e+23
0.316228 1.90384e+23
0.331131 1.90775e+23
0.346737 1.91165e+23
0.363078 1.91556e+23
0.380189 1.91949e+23
0.398107 1.92347e+23
0.416869 1.92752e+23
0.436516 1.93166e+23
0.457088 1.9359e+23
0.47863 1.94028e+23
0.501187 1.94482e+23
0.524807 1.94955e+23
0.549541 1.9545e+23
0.57544 1.95969e+23
0.60256 1.96516e+23
0.630957 1.97094e+23
0.660693 1.97707e+23
0.691831 1.98358e+23
0.724436 1.9905e+23
0.758578 1.99787e+23
0.794328 2.00572e+23
0.831764 2.01409e+23
0.870964 2.023e+23
0.912011 2.03249e+23
0.954993 2.04257e+23
1 2.05326e+23
1.04713 2.06457e+23
1.09648 2.0765e+23
1.14815 2.08905e+23
1.20226 2.1022e+23
1.25893 2.11594e+23
1.31826 2.13024e+23
1.38038 2.14506e+23
1.44544 2.16038e+23
1.51356 2.17613e+23
1.58489 2.1923e+23
1.65959 2.20882e+23
1.7378 2.22567e+23
1.8197 2.24281e+23
1.90546 2.2602e+23
1.99526 2.27782e+23
2.0893 2.29563e+23
2.18776 2.31362e+23
2.29087 2.33177e+23
2.39883 2.35007e+23
2.51189 2.36848e+23
2.63027 2.38701e+23
2.75423 2.40565e+23
2.88403 2.42437e+23
3.01995 2.44318e+23
3.16228 2.46206e+23
3.31131 2.48102e+23
3.46737 2.50003e+23
3.63078 2.5191e+23
3.80189 2.53822e+23
3.98107 2.55739e+23
4.16869 2.5766e+23
4.36516 2.59585e+23
4.57088 2.61513e+23
4.7863 2.63444e+23
5.01187 2.65379e+23
5.24807 2.67315e+23
5.49541 2.69255e+23
5.7544 2.71196e+23
6.0256 2.73139e+23
6.30957 2.75085e+23
6.60693 2.77031e+23
6.91831 2.7898e+23
7.24436 2.80929e+23
7.58578 2.8288e+23
7.94328 2.84832e+23
8.31764 2.86785e+23
8.70964 2.88739e+23
9.12011 2.90694e+23
9.54993 2.92649e+23
10 2.94605e+23
10.4713 2.96562e+23
10.9648 2.9852e+23
11.4815 3.00478e+23
12.0226 3.02436e+23
12.5893 3.04395e+23
13.1826 3.06355e+23
13.8038 3.08314e+23
14.4544 3.10274e+23
15.1356 3.12235e+23
15.8489 3.14195e+23
16.5959 3.16156e+23
17.378 3.18117e+23
18.197 3.20079e+23
19.0546 3.2204e+23
19.9526 3.24002e+23
20.893 3.25964e+23
21.8776 3.27926e+23
22.9087 3.29888e+23
23.9883 3.3185e+23
25.1189 3.33813e+23
26.3027 3.35775e+23
27.5423 3.37738e+23
28.8403 3.397e+23
30.1995 3.41663e+23
31.6228 3.43626e+23
33.1131 3.45589e+23
34.6737 3.47552e+23
36.3078 3.49515e+23
38.0189 3.51478e+23
39.8107 3.53441e+23
41.6869 3.55404e+23
43.6516 3.57367e+23
45.7088 3.5933e+23
47.863 3.61293e+23
50.1187 3.63257e+23
52.4807 3.6522e+23
54.9541 3.67183e+23
57.544 3.69147e+23
60.256 3.7111e+23
63.0957 3.73073e+23
66.0693 3.75037e+23
69.1831 3.77e+23
72.4436 3.78963e+23
75.8578 3.80927e+23
79.4328 3.8289e+23
83.1764 3.84854e+23
87.0964 3.86817e+23
91.2011 3.88774e+23
95.4993 3.89816e+23
100 3.92707e+23
