0.0104713 3.29961e+22
0.0114815 2.54095e+22
0.0120226 1.86523e+22
0.0125893 2.13384e+22
0.0131826 2.27732e+22
0.0138038 2.42795e+22
0.0144544 2.58021e+22
0.0151356 2.73408e+22
0.0158489 2.88953e+22
0.0165959 3.04651e+22
0.017378 3.20496e+22
0.018197 3.36486e+22
0.0190546 3.52615e+22
0.0199526 3.68879e+22
0.020893 3.85274e+22
0.0218776 4.01795e+22
0.0229087 4.18439e+22
0.0239883 4.35202e+22
0.0251189 4.52078e+22
0.0263027 4.69065e+22
0.0275423 4.86159e+22
0.0288403 5.03355e+22
0.0301995 5.20651e+22
0.0316228 5.38042e+22
0.0331131 5.55525e+22
0.0346737 5.73097e+22
0.0363078 5.90755e+22
0.0380189 6.08494e+22
0.0398107 6.26313e+22
0.0416869 6.44208e+22
0.0436516 6.62177e+22
0.0457088 6.80215e+22
0.047863 6.98321e+22
0.0501187 7.16493e+22
0.0524807 7.34726e+22
0.0549541 7.5302e+22
0.057544 7.71371e+22
0.060256 7.89778e+22
0.0630957 8.08237e+22
0.0660693 8.26748e+22
0.0691831 8.45307e+22
0.0724436 8.63914e+22
0.0758578 8.82565e+22
0.0794328 9.01259e+22
0.0831764 9.19995e+22
0.0870964 9.38771e+22
0.0912011 9.57584e+22
0.0954993 9.76434e+22
0.1 9.95319e+22
0.104713 1.01424e+23
0.109648 1.03319e+23
0.114815 1.05217e+23
0.120226 1.07118e+23
0.125893 1.09022e+23
0.131826 1.10928e+23
0.138038 1.12838e+23
0.144544 1.14749e+23
0.151356 1.16663e+23
0.158489 1.1858e+23
0.165959 1.20498e+23
0.17378 1.22419e+23
0.18197 1.24342e+23
0.190546 1.26266e+23
0.199526 1.28193e+23
0.20893 1.30121e+23
0.218776 1.32051e+23
0.229087 1.33982e+23
0.239883 1.35915e+23
0.251189 1.3785e+23
0.263027 1.39786e+23
0.275423 1.41723e+23
0.288403 1.43662e+23
0.301995 1.45602e+23
0.316228 1.47543e+23
0.331131 1.49485e+23
0.346737 1.51429e+23
0.363078 1.53373e+23
0.380189 1.55319e+23
0.398107 1.57266e+23
0.416869 1.59213e+23
0.436516 1.61162e+23
0.457088 1.63111e+23
0.47863 1.65061e+23
0.501187 1.67012e+23
0.524807 1.68964e+23
0.549541 1.70916e+23
0.57544 1.72869e+23
0.60256 1.74823e+23
0.630957 1.76778e+23
0.660693 1.78733e+23
0.691831 1.80689e+23
0.724436 1.82645e+23
0.758578 1.84602e+23
0.794328 1.86559e+23
0.831764 1.88517e+23
0.870964 1.90476e+23
0.912011 1.92434e+23
0.954993 1.94394e+23
1 1.96353e+23
1.04713 1.98313e+23
1.09648 2.00274e+23
1.14815 2.02235e+23
1.20226 2.04196e+23
1.25893 2.06157e+23
1.31826 2.08119e+23
1.38038 2.10081e+23
1.44544 2.12043e+23
1.51356 2.14006e+23
1.58489 2.15968e+23
1.65959 2.17931e+23
1.7378 2.19894e+23
1.8197 2.21858e+23
1.90546 2.23821e+23
1.99526 2.25784e+23
2.0893 2.27748e+23
2.18776 2.29712e+23
2.29087 2.31676e+23
2.39883 2.3364e+23
2.51189 2.35603e+23
2.63027 2.37568e+23
2.75423 2.39532e+23
2.88403 2.41496e+23
3.01995 2.4346e+23
3.16228 2.45424e+23
3.31131 2.47388e+23
3.46737 2.49352e+23
3.63078 2.51316e+23
3.80189 2.53281e+23
3.98107 2.55245e+23
4.16869 2.57209e+23
4.36516 2.59173e+23
4.57088 2.61137e+23
4.7863 2.63101e+23
5.01187 2.65065e+23
5.24807 2.67029e+23
5.49541 2.68993e+23
5.7544 2.70957e+23
6.0256 2.72921e+23
6.30957 2.74885e+23
6.60693 2.76849e+23
6.91831 2.78813e+23
7.24436 2.80777e+23
7.58578 2.82741e+23
7.94328 2.84705e+23
8.31764 2.86669e+23
8.70964 2.88633e+23
9.12011 2.90596e+23
9.54993 2.9256e+23
10 2.94524e+23
10.4713 2.96488e+23
10.9648 2.98452e+23
11.4815 3.00415e+23
12.0226 3.02379e+23
12.5893 3.04343e+23
13.1826 3.06307e+23
13.8038 3.0827e+23
14.4544 3.10234e+23
15.1356 3.12198e+23
15.8489 3.14162e+23
16.5959 3.16125e+23
17.378 3.18089e+23
18.197 3.20053e+23
19.0546 3.22016e+23
19.9526 3.2398e+23
20.893 3.25944e+23
21.8776 3.27907e+23
22.9087 3.29871e+23
23.9883 3.31835e+23
25.1189 3.33798e+23
26.3027 3.35762e+23
27.5423 3.37726e+23
28.8403 3.39689e+23
30.1995 3.41653e+23
31.6228 3.43616e+23
33.1131 3.4558e+23
34.6737 3.47544e+23
36.3078 3.49507e+23
38.0189 3.51471e+23
39.8107 3.53435e+23
41.6869 3.55398e+23
43.6516 3.57362e+23
45.7088 3.59325e+23
47.863 3.61289e+23
50.1187 3.63253e+23
52.4807 3.65216e+23
54.9541 3.6718e+23
57.544 3.69143e+23
60.256 3.71107e+23
63.0957 3.7307e+23
66.0693 3.75034e+23
69.1831 3.76998e+23
72.4436 3.78961e+23
75.8578 3.80925e+23
79.4328 3.82888e+23
83.1764 3.84852e+23
87.0964 3.86815e+23
91.2011 3.88779e+23
95.4993 3.90772e+23
100 3.92707e+23
