0.0104713 3.12426e+22
0.0114815 2.83598e+22
0.0120226 1.68994e+22
0.0125893 2.18429e+22
0.0131826 2.2817e+22
0.0138038 2.43605e+22
0.0144544 2.588e+22
0.0151356 2.7417e+22
0.0158489 2.89697e+22
0.0165959 3.05377e+22
0.017378 3.21204e+22
0.018197 3.37175e+22
0.0190546 3.53285e+22
0.0199526 3.69531e+22
0.020893 3.85907e+22
0.0218776 4.02409e+22
0.0229087 4.19034e+22
0.0239883 4.35778e+22
0.0251189 4.52636e+22
0.0263027 4.69604e+22
0.0275423 4.8668e+22
0.0288403 5.03858e+22
0.0301995 5.21136e+22
0.0316228 5.3851e+22
0.0331131 5.55977e+22
0.0346737 5.73532e+22
0.0363078 5.91173e+22
0.0380189 6.08897e+22
0.0398107 6.267e+22
0.0416869 6.4458e+22
0.0436516 6.62534e+22
0.0457088 6.80558e+22
0.047863 6.9865e+22
0.0501187 7.16808e+22
0.0524807 7.35028e+22
0.0549541 7.53309e+22
0.057544 7.71648e+22
0.060256 7.90042e+22
0.0630957 8.0849e+22
0.0660693 8.2699e+22
0.0691831 8.45538e+22
0.0724436 8.64134e+22
0.0758578 8.82775e+22
0.0794328 9.0146e+22
0.0831764 9.20186e+22
0.0870964 9.38953e+22
0.0912011 9.57757e+22
0.0954993 9.76599e+22
0.1 9.95475e+22
0.104713 1.01439e+23
0.109648 1.03333e+23
0.114815 1.0523e+23
0.120226 1.07131e+23
0.125893 1.09034e+23
0.131826 1.1094e+23
0.138038 1.12848e+23
0.144544 1.1476e+23
0.151356 1.16673e+23
0.158489 1.18589e+23
0.165959 1.20507e+23
0.17378 1.22427e+23
0.18197 1.24349e+23
0.190546 1.26273e+23
0.199526 1.28199e+23
0.20893 1.30127e+23
0.218776 1.32057e+23
0.229087 1.33988e+23
0.239883 1.3592e+23
0.251189 1.37855e+23
0.263027 1.3979e+23
0.275423 1.41727e+23
0.288403 1.43666e+23
0.301995 1.45605e+23
0.316228 1.47546e+23
0.331131 1.49489e+23
0.346737 1.51432e+23
0.363078 1.53376e+23
0.380189 1.55321e+23
0.398107 1.57268e+23
0.416869 1.59215e+23
0.436516 1.61163e+23
0.457088 1.63113e+23
0.47863 1.65063e+23
0.501187 1.67013e+23
0.524807 1.68965e+23
0.549541 1.70917e+23
0.57544 1.7287e+23
0.60256 1.74824e+23
0.630957 1.76778e+23
0.660693 1.78734e+23
0.691831 1.80689e+23
0.724436 1.82645e+23
0.758578 1.84602e+23
0.794328 1.8656e+23
0.831764 1.88517e+23
0.870964 1.90476e+23
0.912011 1.92434e+23
0.954993 1.94394e+23
1 1.96353e+23
1.04713 1.98313e+23
1.09648 2.00274e+23
1.14815 2.02235e+23
1.20226 2.04196e+23
1.25893 2.06157e+23
1.31826 2.08119e+23
1.38038 2.10081e+23
1.44544 2.12043e+23
1.51356 2.14005e+23
1.58489 2.15968e+23
1.65959 2.17931e+23
1.7378 2.19894e+23
1.8197 2.21857e+23
1.90546 2.23821e+23
1.99526 2.25784e+23
2.0893 2.27748e+23
2.18776 2.29712e+23
2.29087 2.31675e+23
2.39883 2.33639e+23
2.51189 2.35603e+23
2.63027 2.37567e+23
2.75423 2.39531e+23
2.88403 2.41495e+23
3.01995 2.4346e+23
3.16228 2.45424e+23
3.31131 2.47388e+23
3.46737 2.49352e+23
3.63078 2.51316e+23
3.80189 2.5328e+23
3.98107 2.55245e+23
4.16869 2.57209e+23
4.36516 2.59173e+23
4.57088 2.61137e+23
4.7863 2.63101e+23
5.01187 2.65065e+23
5.24807 2.67029e+23
5.49541 2.68993e+23
5.7544 2.70957e+23
6.0256 2.72921e+23
6.30957 2.74885e+23
6.60693 2.76849e+23
6.91831 2.78813e+23
7.24436 2.80777e+23
7.58578 2.82741e+23
7.94328 2.84705e+23
8.31764 2.86669e+23
8.70964 2.88633e+23
9.12011 2.90596e+23
9.54993 2.9256e+23
10 2.94524e+23
10.4713 2.96488e+23
10.9648 2.98452e+23
11.4815 3.00415e+23
12.0226 3.02379e+23
12.5893 3.04343e+23
13.1826 3.06307e+23
13.8038 3.0827e+23
14.4544 3.10234e+23
15.1356 3.12198e+23
15.8489 3.14162e+23
16.5959 3.16125e+23
17.378 3.18089e+23
18.197 3.20053e+23
19.0546 3.22016e+23
19.9526 3.2398e+23
20.893 3.25944e+23
21.8776 3.27907e+23
22.9087 3.29871e+23
23.9883 3.31835e+23
25.1189 3.33798e+23
26.3027 3.35762e+23
27.5423 3.37726e+23
28.8403 3.39689e+23
30.1995 3.41653e+23
31.6228 3.43616e+23
33.1131 3.4558e+23
34.6737 3.47544e+23
36.3078 3.49507e+23
38.0189 3.51471e+23
39.8107 3.53435e+23
41.6869 3.55398e+23
43.6516 3.57362e+23
45.7088 3.59325e+23
47.863 3.61289e+23
50.1187 3.63253e+23
52.4807 3.65216e+23
54.9541 3.6718e+23
57.544 3.69143e+23
60.256 3.71107e+23
63.0957 3.7307e+23
66.0693 3.75034e+23
69.1831 3.76998e+23
72.4436 3.78961e+23
75.8578 3.80925e+23
79.4328 3.82888e+23
83.1764 3.84852e+23
87.0964 3.86815e+23
91.2011 3.88779e+23
95.4993 3.90769e+23
100 3.92707e+23
